803 975
951 166
691 565
335 562
7 392
633 243
567 134
184 881
123 380
235 367
579 528
770 954
691 701
668 302
447 888
729 602
214 31
767 257
595 102
818 602
493 450
844 411
936 380
291 58
759 877
425 689
405 194
642 447
895 661
749 693
548 829
294 114
859 413
370 805
514 187
406 358
989 602
120 924
333 410
981 91
638 405
131 42
951 125
841 197
785 941
889 685
121 535
798 331
947 167
135 812
705 893
521 45
846 640
968 178
401 301
268 38
57 750
432 7
874 624
203 659
916 444
695 36
330 492
718 628
10 852
439 66
96 311
111 941
302 430
118 702
82 737
91 139
487 522
497 712
145 52
722 60
495 416
447 176
259 164
803 268
368 593
334 463
903 796
756 204
257 659
962 347
797 800
869 293
511 365
696 233
777 190
1000 223
365 259
387 519
526 754
111 211
568 13
6 323
568 583
548 824
241 861
171 389
660 391
33 522
755 729
106 883
270 106
106 987
364 844
505 241
949 616
804 516
980 161
191 548
95 90
723 687
302 245
75 313
635 108
834 742
188 292
624 457
397 81
443 112
924 300
704 224
915 507
740 894
668 282
793 114
723 516
801 24
760 875
336 747
334 521
488 873
812 463
330 560
544 124
671 819
423 727
43 689
233 134
583 252
767 727
366 489
242 518
864 2
744 551
100 78
71 587
302 883
401 631
794 296
107 465
115 881
191 509
570 775
994 504
379 760
230 96
600 824
613 463
825 356
13 276
785 435
862 87
669 614
69 463
910 527
927 376
408 469
884 329
595 877
184 325
988 413
420 587
236 384
401 412
92 413
687 228
847 900
666 868
514 87
330 423
613 608
150 372
428 33
52 22
261 235
347 248
1000 118
186 235
854 586
999 945
998 685
172 196
937 838
63 450
924 744
224 888
351 373
612 778
757 663
152 369
250 850
616 249
967 153
483 820
738 481
764 87
518 288
634 806
477 49
607 752
792 182
639 143
554 602
272 662
265 423
30 514
272 997
762 239
149 596
410 886
429 526
324 298
813 957
103 641
5 61
392 797
242 382
291 147
984 562
808 600
985 189
465 608
185 226
846 685
173 608
922 601
133 245
250 297
201 704
937 206
764 680
354 5
61 644
151 44
557 310
995 541
498 459
149 34
36 346
718 209
305 639
161 789
235 411
85 436
114 373
993 230
404 346
234 465
989 385
860 545
694 855
438 544
665 938
577 701
635 647
909 292
285 69
80 520
831 517
307 297
241 299
526 645
644 759
461 984
495 320
880 541
526 669
84 191
606 12
891 593
658 151
884 295
219 963
166 402
479 472
698 72
122 575
716 117
333 176
100 180
847 331
72 373
1000 155
915 957
518 157
549 176
307 784
822 877
747 987
278 577
810 327
648 931
901 715
47 586
890 498
765 737
828 836
461 827
342 727
784 211
883 684
738 541
468 559
417 566
897 47
494 706
725 494
988 626
208 386
563 450
883 679
538 63
866 350
241 559
76 376
769 310
60 507
850 879
65 266
444 314
664 289
19 389
782 359
14 342
96 928
791 979
606 680
393 471
29 633
29 456
9 797
765 420
655 614
298 72
231 93
385 895
381 755
283 163
465 648
504 561
575 646
891 180
677 283
2 705
267 30
160 275
178 276
46 833
889 343
256 119
435 640
365 816
746 647
330 211
646 185
771 220
830 661
751 858
943 752
562 209
133 73
836 311
700 881
495 588
576 750
58 10
389 775
177 134
421 506
344 419
690 114
638 871
126 741
80 68
492 641
629 625
65 816
287 764
48 781
703 623
530 113
985 270
887 513
403 659
19 99
77 60
564 67
283 690
807 362
109 650
355 89
274 771
904 912
887 304
692 589
926 221
701 262
842 939
775 245
598 145
695 674
556 610
92 838
651 898
552 760
548 258
200 173
28 456
85 914
759 128
855 36
349 907
298 190
846 72
786 795
568 832
468 123
442 560
313 92
809 864
203 356
473 755
881 852
210 317
118 320
444 972
355 792
230 652
334 75
75 471
221 994
655 689
117 96
600 429
539 760
644 94
468 116
200 348
319 409
664 436
728 107
407 82
251 989
86 936
415 512
758 636
506 412
676 622
859 627
402 750
386 45
843 853
512 42
552 830
802 567
618 881
26 376
962 628
364 399
915 779
911 672
414 768
84 89
741 294
715 142
43 100
538 885
305 49
278 208
230 79
775 847
311 152
223 273
779 586
23 693
716 285
716 129
52 151
217 792
445 283
285 487
735 822
724 39
222 1
246 804
432 372
650 742
875 224
366 653
162 741
697 877
25 765
358 429
915 926
572 359
209 857
198 943
30 921
333 252
921 930
55 704
654 56
798 528
632 163
533 793
255 229
21 280
345 378
60 260
304 631
970 864
839 167
158 869
87 490
120 360
771 526
415 424
581 212
952 212
727 484
356 981
64 377
612 409
106 671
20 761
654 989
624 492
508 781
360 594
622 479
305 393
4 720
816 937
931 767
148 657
602 504
990 18
232 601
778 337
272 797
98 925
137 721
416 644
854 128
238 475
606 542
219 962
261 35
898 544
153 397
252 541
124 483
172 765
49 269
689 185
341 456
829 546
935 418
373 541
311 591
854 924
977 103
467 482
851 18
559 711
937 700
963 108
816 11
728 856
547 421
311 375
966 246
792 338
138 455
281 343
378 257
445 844
738 295
213 325
749 123
387 686
174 701
145 989
63 873
844 610
293 507
984 610
104 128
948 241
582 228
935 311
506 574
25 718
250 774
193 989
811 366
41 955
355 104
179 198
713 471
56 48
81 159
527 380
751 460
959 685
770 794
415 627
719 440
345 321
254 701
681 960
804 860
158 868
682 213
916 762
724 794
493 474
254 451
159 375
597 573
2 667
339 928
586 999
654 839
799 855
194 308
723 875
872 990
783 833
69 388
284 579
115 232
151 116
250 867
813 589
794 750
587 448
940 638
782 738
493 327
397 567
553 621
556 893
215 690
726 635
430 9
565 544
592 68
659 841
934 823
601 497
985 349
415 890
969 970
782 536
12 507
522 441
984 458
154 994
168 79
165 739
798 691
601 803
349 553
651 686
902 66
575 222
757 398
215 631
717 173
518 541
308 685
971 472
775 769
571 863
280 573
990 474
755 377
181 863
774 395
493 316
488 718
913 169
996 778
896 918
491 891
716 166
643 225
649 470
845 796
7 239
24 271
759 371
289 40
532 131
931 943
460 522
894 192
855 889
710 552
342 249
129 419
790 147
892 78
560 469
466 177
394 360
454 309
687 148
557 156
19 83
581 295
237 119
939 786
21 757
963 414
14 715
169 819
966 932
10 3
168 902
62 8
865 650
479 582
719 818
525 33
583 992
715 596
767 433
89 732
735 247
795 902
500 222
582 337
21 111
59 754
499 5
227 368
559 160
56 121
219 326
454 686
470 150
255 797
352 792
558 260
772 796
539 350
515 449
509 571
896 752
783 74
108 37
195 675
116 318
823 655
20 337
455 880
907 376
127 139
66 238
772 16
170 555
441 277
90 214
697 636
204 658
978 36
161 920
699 953
394 788
903 729
820 721
53 571
993 256
770 390
119 773
970 834
366 877
953 878
953 426
53 315
270 357
192 418
7 374
960 797
9 529
88 598
780 734
435 95
196 953
326 964
906 711
224 361
789 663
959 569
849 301
693 462
491 101
592 730
312 293
955 344
721 821
942 922
473 634
383 964
779 592
237 51
950 91
566 534
472 391
285 706
476 874
578 68
959 731
284 826
531 421
734 192
65 449
322 997
885 958
365 183
45 323
105 33
920 564
849 633
550 412
835 930
783 819
699 617
431 996
928 417
973 840
761 523
603 595
30 132
736 68
840 231
482 666
232 720
944 506
878 584
386 929
827 188
286 660
853 564
19 436
615 805
901 340
446 373
793 831
827 766
991 330
555 31
688 207
207 541
708 402
992 50
553 530
739 948
358 253
406 665
72 496
81 98
801 838
629 506
8 626
630 927
683 640
70 793
805 890
149 175
174 605
379 279
202 536
602 510
30 524
585 567
349 396
882 358
7 452
239 745
315 982
2 32
332 603
915 673
973 393
678 216
502 509
8 580
787 151
151 464
876 521
529 611
807 262
976 946
412 478
763 57
917 496
262 290
667 537
317 865
434 504
112 750
946 921
636 956
480 351
427 231
225 399
9 919
911 623
623 728
983 404
437 298
815 506
701 870
17 634
770 54
478 110
974 497
619 910
540 275
814 61
386 656
683 130
146 193
969 609
585 986
599 155
177 678
140 40
581 905
328 745
665 848
670 167
27 733
714 945
885 743
501 152
843 620
904 245
837 754
363 804
864 27
231 748
961 705
263 660
974 485
271 923
697 306
943 136
562 503
933 350
50 240
436 979
225 707
590 445
871 908
453 442
817 168
74 384
144 401
543 536
675 527
604 638
507 141
622 15
264 933
97 745
573 400
47 244
353 166
753 642
205 271
199 494
899 688
432 709
776 192
422 29
874 218
965 735
486 233
121 303
560 637
