4068 8695
9792 9545
4238 5253
6527 5161
8577 47
8483 8378
8003 7325
6454 936
8707 9312
2752 6751
7998 950
5911 2752
1056 1615
8254 3737
688 3165
7373 1107
8212 3517
7003 8801
8769 3530
3961 3697
3576 8796
8427 1579
6120 1232
8866 1178
543 1618
4280 4893
8919 191
7644 6327
1805 5897
63 8844
5414 7435
9950 3625
7303 6953
2425 2423
482 2738
6120 409
1533 4546
8339 4004
5777 7205
5181 2671
5174 9461
7563 4092
9651 1558
6770 1455
3807 6832
299 9220
619 6600
2844 7921
9904 1620
344 6737
4357 2815
7146 2241
7360 1836
2596 9488
5392 7777
2158 6917
3589 6073
1009 3239
7630 4130
1045 1436
962 7695
655 1580
647 9850
5852 550
7822 2547
7287 8530
5361 784
7123 2720
8971 9718
2207 4363
7494 717
1279 1082
3141 8639
672 770
2769 1717
8558 82
5763 9212
1661 6409
5414 3864
6959 9587
6411 597
8116 1771
1380 5238
843 350
4956 9401
4712 8801
117 2343
6235 9609
7333 6906
379 101
4974 8936
182 737
4499 8194
7145 6264
8410 455
5850 4820
1051 3966
2942 8782
5555 3784
9132 510
3185 195
5663 9653
8889 1897
9262 6222
8802 5992
6322 3776
4927 2856
864 5777
7401 4360
2041 2162
4815 4242
6981 2217
8207 9923
999 114
58 6482
623 3242
3028 6285
2895 1917
8181 8508
8138 3335
4499 811
3462 5777
18 4325
1553 3771
8684 9945
5932 9850
4187 9265
8419 8745
9187 5769
8858 5596
8602 5833
8838 1629
8469 8084
9897 3002
6591 8034
6336 7441
5197 6149
3217 1566
473 1121
5336 5508
1066 7620
1710 1604
6884 6480
6700 2422
2248 1910
8017 849
7742 3206
8829 2562
1289 8726
5563 4231
3111 8250
1671 8307
4398 4887
6225 1222
6008 1560
6730 3425
5531 4791
1380 2414
1270 8079
1187 9869
9988 5556
7069 4081
8761 5897
6643 50
974 8557
4280 4085
3159 5951
8743 7556
7189 4967
8778 3196
2879 1859
2972 8409
3001 4351
7175 4270
2430 8361
4138 8769
268 7558
9202 9029
3454 2196
5430 780
7104 9709
4864 262
2011 3606
7818 9200
4925 2947
8747 7803
1157 1719
2563 4157
6069 9737
4778 4850
4450 5267
9971 4717
2824 9172
97 2629
1367 5526
3408 8470
5235 8271
5084 3597
8229 9253
9148 3153
2199 7895
7307 9707
9613 9869
215 2033
5958 4992
6883 6759
258 6853
7827 9433
2376 7924
2061 94
9801 5469
4915 5035
91 9998
4984 4671
9250 4131
7823 7800
2025 1481
7506 7989
7702 4072
6374 11
9063 9608
6769 5672
6460 947
5104 5187
5222 7165
5280 5023
8985 194
6409 9075
6544 1392
3746 5793
1875 7920
3593 251
5753 7450
8240 9806
7874 965
9816 6936
572 2936
8960 3383
3882 4063
8569 9104
7579 3848
4126 2915
393 534
8342 6936
8278 8439
9081 152
2710 9025
402 8462
2826 4993
8267 699
5957 4434
3987 6528
7369 2946
9910 7603
3360 8478
6706 7291
8677 7183
6557 5422
4068 4898
8709 2345
3336 4141
8848 2398
3165 5602
859 2343
594 5478
3041 2903
6263 3379
9430 3632
6324 5692
1234 6036
521 4291
9678 9198
7825 6234
971 8244
1132 9679
6941 819
172 5788
3216 3336
1389 427
2030 8335
2256 5071
1237 8518
4801 666
8501 1125
6357 9734
3512 6878
376 3189
2427 4552
5774 9749
2796 6905
5779 9736
4076 5950
5523 3643
5638 3264
4069 7667
1598 2676
9089 2834
1194 3890
9851 9694
1366 2560
5780 4877
5789 2507
4417 4567
7059 190
4315 9854
3447 93
5941 7522
6043 1463
7516 1680
1078 7937
5698 2675
612 4787
1860 8157
8676 8063
7851 41
622 9982
4917 2762
8840 5685
7328 2250
5874 1642
8455 9320
8086 4395
3193 4128
2210 709
2159 3287
4997 4209
2314 5608
8995 525
3765 7670
8587 7967
7710 5560
4300 8978
8321 3139
1014 5648
5389 6887
3641 3843
2559 1727
4590 2103
2206 6799
9163 717
85 4159
4925 8750
9767 3919
9275 9883
1588 7861
7849 5649
3421 2148
978 1741
1638 1991
3741 3378
5229 7381
7221 4139
9107 1810
2594 1313
4960 1756
2029 5044
2267 6953
3794 8385
7223 9420
8267 5162
7280 2467
810 7052
966 8139
8793 2603
6481 8885
5981 1709
6265 9553
2200 1724
7714 4793
3036 2673
6548 1416
4068 5166
4720 4213
3550 1942
3632 1816
7103 7264
4282 4264
4315 1599
8754 9459
554 5234
8343 6534
3294 4608
2438 5493
6331 6503
285 5718
5527 3185
3485 9594
8350 4556
159 8252
2849 142
67 9951
7405 701
566 1720
8651 9319
1178 9204
904 5873
5737 4197
480 4526
9690 3162
7380 6326
5231 2906
5862 8715
8852 564
3270 9010
8815 6118
9151 5233
2420 2908
2285 9337
4627 936
5007 2156
139 5910
8028 2228
106 4859
6753 6147
4372 485
8825 9602
3390 1038
4668 2241
1601 4289
7602 6767
6758 3105
2000 9177
6012 4284
4865 6990
1571 9871
5497 1710
2132 9877
3937 2238
4735 7041
4736 9107
7525 3560
5060 7267
4598 9728
9507 2550
4016 3461
9317 774
2917 7668
6302 5280
8303 7519
2269 9874
7389 4117
7935 9521
3993 1871
8110 5080
5263 2845
4186 2788
2757 5597
54 3706
5324 5912
6255 5692
5724 1923
6465 8640
5942 9118
3919 597
6636 2539
6822 377
6656 4756
9897 7000
2978 4358
2079 8240
3554 2616
7379 6310
8213 3784
15 3536
6048 2622
9227 1771
896 2043
6763 6838
1161 7033
7434 7796
9572 4255
8172 2579
5362 4420
9578 8339
5129 1657
6578 8683
4272 3957
1344 8836
7740 1359
2372 3787
332 7950
1910 1227
6345 8672
4416 7505
5704 8201
1652 1627
8807 6176
4205 4168
6947 3783
2506 2076
1791 5436
758 2414
5744 8453
1250 3483
6163 9973
3622 6494
7922 5531
4073 618
554 4840
8122 2609
3041 6126
4236 8199
8653 8440
2367 5599
8574 1224
4026 364
6659 1135
9130 8754
9588 379
2237 5750
351 2210
2244 8272
4092 2668
5242 4645
7507 9715
7253 6899
5840 1488
5098 844
6280 7464
6443 1205
5039 468
7921 8050
1603 7050
6803 1190
7428 5391
3291 7778
7600 1886
2401 1691
4553 7642
2687 8412
7357 6292
5310 9548
7779 407
392 410
7870 3186
1615 9261
3653 9535
7310 1607
6584 4112
9148 363
9503 2439
8140 3454
4324 540
1497 5229
4534 4183
3640 1890
474 8949
7789 4605
9356 8180
1366 3577
1365 2980
2837 1370
8866 146
2976 1801
610 8476
2163 6464
914 302
9917 1589
7194 1413
6817 8079
1948 456
9968 2421
9405 4108
3377 5112
2288 4743
8688 4
4074 7877
7725 2940
8022 7053
1092 4983
5528 3255
7798 2793
9908 7715
4381 3453
5479 7550
1531 7426
4357 7850
6199 113
1958 5927
5224 597
669 264
6952 4743
8140 4677
4034 2513
1729 5125
7496 3608
4731 5293
6400 991
9359 7132
795 1190
1033 2326
4967 5390
6527 7517
5502 8484
3444 7078
5432 4112
7341 8736
5206 5480
3412 9239
7992 1492
716 1839
5099 1798
3484 7850
9140 9194
4981 9935
383 6014
2260 5350
7755 8786
2866 3256
3622 6309
6685 5405
6773 4025
4140 1978
5856 3903
7569 200
1746 4636
2038 3196
2785 1873
1045 1925
1067 2378
1859 7801
4743 4118
3150 2497
9255 2368
2104 9228
5028 8789
985 1800
9165 1476
130 5021
5379 7698
5220 3476
8685 3609
6672 1469
1834 7716
3393 9252
93 5251
7052 4835
5720 202
3683 1327
8921 5787
6906 3948
927 7890
2100 91
9366 8581
5111 1096
2630 6682
4571 1314
6643 1242
2782 8476
5310 2527
7727 1754
7777 4778
6589 9849
1331 6623
7527 6603
2409 4432
6903 3335
2322 5354
3426 8039
3934 4888
5486 6563
7922 56
7876 4564
7650 7009
9391 2959
9535 3469
4712 3664
4598 7652
9864 2281
4275 7390
5235 3035
1821 2137
2722 494
7490 2499
4884 1423
7386 369
4337 1659
425 2212
2574 4426
5573 8316
3736 5107
1784 4799
5122 2734
2451 1337
1366 3077
8726 6600
2463 6899
8737 5184
3744 2578
7682 8628
353 1420
8996 4689
3078 5772
6901 2004
6549 8825
319 284
283 8455
5083 5405
1188 3885
3093 2553
3313 1819
9152 5775
5069 4240
959 8812
3170 4992
3791 3522
6411 9139
8210 5841
1262 1462
7844 7811
286 8162
4446 569
6616 5880
2325 7803
9764 5417
6707 9428
3587 2211
5203 8655
2802 2513
3819 5971
7504 3961
9492 3915
3099 7702
9755 713
5515 7598
8523 5801
5759 9320
6369 8727
5200 5045
2881 1315
461 5940
743 4048
8150 2297
9054 7303
4809 9224
3274 2312
3185 2765
2578 6283
6818 2332
6995 2333
6281 1869
4485 8392
7541 853
7118 2740
2249 9998
406 2709
5937 1148
3108 438
3444 2162
7741 8252
1385 1014
6916 4569
130 9493
7204 3300
8177 550
1984 4457
8771 6468
2848 6311
3672 6317
5402 5920
2667 5807
4980 8603
6955 8088
5393 6750
249 9485
1354 7985
6850 4621
8906 6979
4113 2461
6630 2289
9362 8613
6746 8132
1432 5945
794 1455
2262 2547
7374 4928
8354 2354
9882 1660
6793 1626
8409 3393
1110 6114
1377 7959
734 6634
1290 1199
9094 7919
3487 8456
2884 6584
2939 667
8881 85
2122 1142
2631 5847
2421 7336
4552 8654
8995 1344
280 3756
4736 7741
6221 2465
5700 6955
9098 6989
8153 4544
1259 7991
9351 494
927 8641
7513 9807
8725 5986
7300 7708
1832 9720
5043 6384
4725 390
4079 5004
4145 5167
2745 365
7631 4796
3671 3080
8136 8175
7623 5746
6166 6973
2592 7092
5614 104
6898 690
6089 4197
8397 4272
268 9792
655 4992
181 1086
6348 4325
6252 5444
1041 234
239 4712
3313 8374
2886 936
4119 5403
7908 6710
2494 3521
3165 5743
4211 9253
6291 8959
3525 2910
8750 531
7902 8930
7968 4249
9606 4219
9692 647
4452 6282
1710 4117
4655 4595
5052 5125
9998 9311
8187 8843
9184 1351
938 9746
6956 3580
8704 6832
6490 7454
3714 4391
2735 1682
4991 2341
2252 1034
9339 6704
3667 1048
7172 4673
1994 2223
9797 1991
1533 4335
7186 716
2038 4475
6813 5345
8054 5517
2176 4543
9322 5889
5285 2056
7570 6627
748 9822
4012 86
2877 7678
1133 48
2350 3127
8622 2147
1469 6506
2833 5006
3574 4870
9480 386
214 3886
5902 8741
8428 1575
4630 65
9983 8551
6691 730
4724 703
7168 3952
8380 4652
351 7082
4130 8972
5580 1951
5478 8412
6956 5403
9634 2788
5788 6199
3025 8042
4940 7804
9616 5921
7868 9598
4471 911
6680 9195
7965 3847
3146 6344
4850 9849
9777 8980
8820 5356
930 649
3768 4237
6051 3401
3376 8191
9599 6400
6232 890
556 2199
6810 8423
8149 1281
5685 4828
6827 3649
5026 6324
6345 6227
6172 6121
5206 1344
1477 2487
8344 1596
3076 4395
4996 6451
8937 946
9203 1520
8188 9758
3718 4997
4532 8218
2629 217
9397 5807
3865 774
8483 209
7001 4654
2682 2206
2349 4158
1045 693
5753 4120
1439 7100
6922 375
4397 2476
8246 2584
8585 8315
3933 3117
6533 6561
9685 5929
2368 9901
6703 850
6462 3703
1855 9143
2260 4204
3300 9656
1248 5404
3775 2686
2503 7049
9412 3251
9524 7657
5835 8109
5971 9767
1225 2503
2679 7261
4784 1398
7161 7838
8599 3622
1540 454
2764 151
1009 2415
9807 8608
4170 9933
1293 3024
6981 7056
6275 6505
4712 8461
4613 7034
4579 2189
5889 7257
5801 672
8655 2961
4861 3605
2935 6400
410 2050
2902 1418
817 9060
6377 4986
5345 4021
8010 2325
1076 4284
5181 2139
2744 6145
9173 7322
8333 1413
930 4133
8436 5936
3446 3296
9541 6380
6047 9950
4781 8948
7720 5597
4360 4096
583 9704
8117 4944
2028 9192
9227 3561
7683 8322
9705 6855
1995 8038
4619 2924
8522 3054
8860 8319
6349 8400
1050 2395
4701 5831
7694 2420
1427 2053
6516 8361
1756 984
3304 136
6527 8882
3696 4209
7203 3400
7415 9197
7789 2033
2121 2663
5086 7332
981 1434
2083 8383
180 6783
4213 7874
9203 1991
9926 2070
352 8034
9405 7
8169 5931
8889 8216
140 6091
7967 3906
1640 2108
5939 3760
4770 7376
7443 2102
5162 9525
484 5341
6307 1048
3214 1861
3039 9492
282 9742
7525 9686
9748 2045
1969 8636
260 8460
1079 4578
2365 2718
6685 4655
2829 7806
8383 271
9908 3544
6147 6743
8884 8805
4143 8450
666 3533
7941 7299
3274 5465
3337 9373
7509 5305
4361 4120
3764 1791
8697 2480
4508 1734
3487 7336
9539 1869
3958 5798
5412 104
8893 647
8908 3035
5448 5925
6567 3388
9576 6192
5204 2912
1916 9064
4568 6276
3183 4683
8066 8232
7162 8925
6317 648
2612 5855
2516 6569
8005 4279
3024 6897
1278 8284
9931 6725
560 2849
113 135
9040 1668
3046 955
732 3965
3583 266
8647 8000
8497 5809
6925 1165
2808 9536
7020 1676
2457 1376
5954 5480
8272 3583
3763 4554
308 4323
7402 6772
809 2793
8439 207
99 9170
4171 3681
9436 2818
1681 4284
4978 8605
5449 7785
4492 8820
9460 6948
195 1766
2428 8466
5348 2542
3019 2007
3216 6772
8778 4025
9564 7217
583 9662
6386 4753
9695 5821
7570 1375
6457 8899
6331 1905
6684 7174
724 2495
4122 7270
612 2901
5735 2312
5442 5105
4318 5010
1876 9448
5386 1439
6664 5968
7452 3049
7072 7146
5222 4642
4872 8030
9892 7554
9934 6575
4728 7009
5422 8849
4278 2385
8101 6364
4696 9894
1468 5366
4903 9695
4813 6640
7485 7828
2607 4936
7228 9679
8434 2449
672 3305
6830 6915
859 6763
3490 1938
123 5263
7138 752
7647 5238
7115 8695
5131 8582
412 6386
4628 1576
3025 2112
9403 1984
7048 6630
8014 5481
5431 5037
5137 2260
1951 2347
5375 1792
4284 5497
7054 1421
6249 1053
3010 3363
6099 8141
8297 2862
878 2924
4437 3902
1388 191
2237 8435
6820 6602
267 2250
1638 5403
862 3589
7750 6236
1732 8385
1732 5138
6158 4332
2542 9167
4047 8640
3659 8695
1501 4536
1618 2289
4790 9357
2479 3378
7791 9298
9980 4409
7900 1617
9812 5113
1557 3913
1348 9641
8649 9431
4778 4806
3763 7319
3973 7809
5958 3983
6503 3810
8519 4472
2450 9660
3829 1280
3037 7971
6929 3016
2380 4828
985 8543
9940 8893
8807 7639
8533 7455
7070 3310
2261 7184
6980 2585
4992 9289
6567 7846
9450 1437
8669 1899
7448 8849
3178 6837
6820 107
6204 5551
1286 7188
4093 7578
2433 2899
5216 965
6705 2285
627 8965
9468 7606
7901 811
6895 820
5008 6344
8608 3677
4595 6056
2525 7772
2892 5696
4230 9095
1246 5516
2635 5338
3093 5067
4588 4660
2383 1293
3297 9361
6609 9116
3319 4510
9927 6565
1681 4934
9260 288
4962 3854
2695 7487
7978 5586
9534 2207
1033 780
4074 19
2469 3518
1437 3409
8178 3819
4701 1474
9532 7661
589 2850
8522 6867
5766 202
1801 5025
6842 3114
8879 9536
6952 6856
1474 6486
5414 8858
7265 9488
8876 9733
3005 312
3141 7534
482 4193
9007 6365
1854 9596
9214 6727
6462 1331
6929 4614
6356 3770
4080 5234
9657 1031
8441 7482
7516 206
6339 1132
6045 5214
865 9050
1877 357
6583 2359
902 1942
8723 9107
7889 4289
5833 702
5619 2761
5316 8326
2882 5747
9911 8891
6777 8351
6372 4293
4909 2711
5424 953
4276 2640
6354 6153
9349 9289
4863 250
1230 9937
9356 5470
4225 1540
6171 6196
4301 7838
4521 3534
3584 4432
2424 361
9134 8796
1005 394
7858 6428
1347 2133
5420 4052
4637 4768
3340 5851
1369 921
5788 7076
6390 6364
8615 2561
2559 9267
6750 3432
2801 334
4215 1576
694 9700
6723 1698
94 4580
4477 7792
3065 9896
1843 4053
1015 1535
9904 8735
2455 5691
2162 5197
2054 777
4109 965
6395 858
748 9195
1191 4962
7123 8236
1013 3845
9933 1106
4777 762
8897 4193
7009 7092
4597 4376
8626 4500
3110 7432
6542 5272
8980 4948
2400 3088
2264 8794
298 3011
4341 7840
4324 7815
6076 5336
8011 6008
2794 2787
6769 8042
3331 3778
5133 7928
8153 3758
8779 7614
7542 5321
9237 6521
268 7988
5961 2531
3134 6258
1893 3826
4097 6216
1640 172
7903 9650
2532 696
8789 5652
8738 8471
5781 222
6398 285
332 5177
4251 7873
6849 3487
4393 7116
7827 353
5998 960
2962 7890
4785 7059
4105 2776
3582 8359
8777 6113
9055 7565
8117 4144
2388 3897
717 8785
534 1048
313 4784
8920 7161
8270 9665
628 2448
6369 6625
3407 9331
866 4543
6389 1322
7318 6322
9681 6095
2435 5087
11 6903
5582 2398
799 6298
7535 7684
7346 4199
2467 2617
7712 7089
2281 4691
9536 8650
7668 2943
7980 8533
3837 720
9855 1155
7041 5887
3601 5827
973 9963
2729 6554
8713 9880
9203 2599
7563 6548
6797 6382
5517 860
3470 7797
5551 3005
2798 3218
2299 7129
8102 2488
7848 7956
9994 1241
194 3594
7067 1166
9908 6148
4071 8620
2379 3274
1218 6293
6173 4367
2674 8041
5226 2495
2190 7128
1852 4987
6697 502
2116 4799
2989 6315
9106 2982
7555 9300
2927 974
6817 2835
3473 888
7806 5851
513 5376
8495 3037
9742 1169
1078 1319
15 3267
8447 1866
4605 5143
2368 6720
6293 5356
9387 5399
4690 6941
4698 7616
4266 1514
6802 7738
8753 4608
9940 9265
9983 8435
8654 6076
5955 9731
7394 5969
9349 2192
4187 3953
3687 6554
673 9979
8261 59
5377 2950
3351 74
6918 7617
7940 71
1706 6692
4678 1646
2309 1012
6432 962
3439 2386
692 833
4706 40
9376 8892
344 3062
1797 1016
3041 58
7426 8417
9359 7129
4843 2628
4745 9134
2699 2802
2177 3728
4447 4485
1092 7230
5446 4530
5967 2489
1714 673
8880 1090
5916 9224
503 7713
6591 3543
4122 369
8312 9832
7497 9506
2460 8593
4991 1510
1394 7167
5237 2193
1652 6328
9422 3449
858 5389
5938 8923
2413 1169
12 8328
6744 6867
6040 3335
409 161
3703 5072
9993 7551
929 8804
6143 5919
313 7536
3086 5549
9728 4737
8229 5502
4537 5438
890 6826
4360 3302
7995 724
7981 4738
7590 4021
4424 4350
533 4478
9422 525
2028 6702
9328 8170
2621 5992
7893 1785
6794 6121
3638 1330
7910 4527
8156 2269
4180 6150
9344 8513
7239 3285
2533 8015
7635 3065
2492 3408
9942 4520
109 5621
9041 2729
1613 1098
4786 5857
2883 1579
1977 2872
2909 9886
7399 1064
8506 7930
3565 4202
2794 7155
7486 5326
5169 1472
4743 4013
1231 1036
8532 7692
6656 3924
6772 4620
5022 1558
476 4256
9488 8804
7127 2396
5041 877
9811 3547
5159 9727
4100 7952
3234 7937
9630 8402
9409 4372
8766 639
5407 3649
4682 8414
7573 1454
9386 2594
9363 6213
3201 8850
5017 327
7598 6409
7556 7408
6307 2714
3487 406
665 6720
8343 294
1473 7751
1017 239
4741 2775
3887 5775
7541 1459
7228 6926
404 6590
3138 3604
5439 4506
283 3036
915 7838
6796 7221
551 6634
3979 7567
9705 2321
4213 1177
6423 1581
7767 7515
4356 1654
3289 1896
9464 6868
5173 6220
3457 4662
6175 5248
9168 6457
4635 6434
646 7782
6 7548
4415 3984
5115 4119
6304 5679
1648 9078
3611 9414
6593 7966
7419 6233
6213 3235
3101 7737
9454 2909
2399 1980
8156 7918
8437 9143
4351 5434
3276 708
2982 4043
4692 8096
4513 7347
126 6160
6425 3736
1926 9369
8054 5696
5601 618
8930 8701
8355 4735
1610 753
6715 6117
5022 1503
1611 9372
6936 4887
6431 9917
5281 1122
4364 9793
4821 841
2305 7597
929 582
6965 8982
6277 2565
9599 1559
7618 4305
2645 5579
5057 5711
8047 6430
3565 9658
2153 501
896 8584
6769 2528
9705 7485
2320 877
4677 976
8473 5605
1557 5437
938 4186
4354 6889
5744 8323
1193 4740
253 2602
451 8299
9031 4015
4308 1184
867 5203
9767 3988
4082 5823
7824 6402
3052 2500
3729 1524
4457 1638
3313 5394
5823 4018
2282 7918
2340 9827
2657 2592
2428 9459
890 7810
3474 1550
5345 692
3104 5111
4679 7186
7286 2502
9939 337
5002 3667
8212 9458
5304 1524
1203 7478
5541 9837
5395 4232
9663 4404
6823 8442
3862 4065
6251 3687
5614 7948
4379 8717
3058 5409
5902 6695
7911 5840
3383 9264
5859 1595
5073 1162
3118 6275
8640 5011
2463 386
9242 2125
1141 6065
6918 5003
6481 9521
5041 2094
7468 5771
7162 6877
1180 9416
3572 5442
1607 6954
1057 7465
4900 6129
4979 8018
8755 3618
3028 1218
355 8621
3342 1496
4685 260
2850 7517
9780 4242
5962 3599
13 3124
475 7544
8891 4046
9337 497
7352 393
7962 2251
6521 2940
6620 5275
2909 5999
2844 9615
4620 6186
1110 5656
2797 311
3173 8928
4553 9134
2526 917
8609 9352
8460 7499
3398 4148
4348 7101
4540 2309
5703 7412
1600 2323
2686 860
4673 1882
474 5644
4419 7936
1300 7215
8246 824
2494 9150
6309 1371
66 1270
722 4877
5120 471
9024 9467
7571 9915
8127 9626
7326 6078
1948 6364
6937 2972
8245 3763
8616 2663
1698 6267
6229 6295
3442 5074
5445 6102
6444 5510
7371 3517
6739 2491
340 2114
1957 4262
2029 84
3887 9354
6161 2186
5717 9450
5158 3961
3212 125
6623 1261
2743 2851
7555 6184
7924 9351
2285 719
4861 9656
588 7951
8498 927
64 454
5188 2092
6889 9075
1446 9402
1260 7162
5203 2769
7475 4766
2893 4097
6026 5635
3300 9932
8170 7575
9283 6807
4646 495
2814 5233
8445 1311
6159 8508
8116 1346
6952 1357
6772 8397
7110 8032
1910 2312
7152 9384
7077 45
9833 9454
2031 9484
9385 6553
7058 8667
3359 1703
9161 6172
6935 7605
3834 9445
2465 1949
791 5768
9657 3914
516 6766
8297 2425
5429 5449
8161 2505
5493 4345
8310 3875
3828 7695
427 885
6361 3785
8940 1874
6308 2226
5830 141
1671 4646
8442 8813
413 8098
2726 928
4864 1023
9705 292
6471 7865
9149 8315
2209 7458
2189 2388
1504 8968
9624 4217
2752 8563
6090 5412
789 8271
5552 2459
2917 345
7623 3329
8443 348
4257 9658
7722 3961
6301 544
8177 5449
8858 6737
9259 1047
9124 7114
6366 8747
1330 9117
7310 3771
880 4450
2042 6432
3260 4958
6776 882
8286 1570
7581 8894
1227 5303
9206 7528
5846 7382
9328 1056
4118 4938
8454 9593
2052 4819
8340 9733
3935 2001
3504 1167
6450 1897
7598 6061
6854 725
6942 1491
8647 874
6737 9873
6176 5942
3752 8374
3324 9432
9429 3793
4369 7882
3386 2772
2700 8077
2505 2986
77 2360
4152 2878
4256 8101
8938 1109
5178 2231
8951 3824
3104 5687
48 5632
1629 3800
4005 1304
9583 9785
1448 3951
7666 1185
6723 6717
9261 5579
9702 5689
7938 206
8566 8545
4658 3855
9653 9835
6085 4955
10 5541
642 58
1172 8622
209 1528
9925 9791
1312 7724
93 5329
8909 3167
2045 8169
8745 8098
3858 3034
4655 8775
1578 9313
2630 7582
9147 5066
2537 9157
6958 9530
5566 8129
8151 5774
6008 4427
1916 7319
8502 2008
2647 7410
5175 1043
5579 3919
9141 5788
3305 147
914 4882
9459 3543
8816 4958
4961 7704
4114 1918
7233 9679
6399 1735
1804 2406
2513 3719
6077 1014
2078 8723
4776 7252
6118 354
7523 1610
2493 827
1756 3406
2060 1215
3301 7227
6172 4613
4930 6637
2882 8514
2667 5632
6600 822
8038 9112
4540 4114
6478 6617
9188 1253
221 5305
7958 7743
3266 6802
4921 5022
207 6980
2588 9859
4207 8759
823 5488
1747 3705
4002 4413
9336 601
1586 3725
6065 2477
4190 8894
5445 3378
146 5665
5034 4455
3407 4652
1256 4679
9673 7814
1659 2260
4025 2217
7370 4847
4056 9116
8551 8057
9880 4239
5010 1465
7963 7426
293 2153
6319 5737
1882 2816
1402 3267
7270 1160
7918 4877
5839 3942
2690 3849
6201 3066
2417 9922
7913 6472
9037 6463
4529 5268
7053 5890
3084 5016
3315 3376
3520 5985
9113 1753
5152 6866
5019 8773
8025 9289
3649 215
3230 2690
4063 9431
5756 6479
9352 3668
2951 4741
6482 3831
6360 9887
6072 9444
4902 5738
9171 4773
1722 4635
6525 3225
1500 1543
1997 5877
831 5645
6091 4061
4686 154
9843 441
2984 5546
460 2286
286 3294
6116 6646
3180 8539
2441 4433
4276 7963
5557 2349
2598 2081
5573 449
9975 7569
6325 7158
9565 2416
1218 4251
2569 7412
1043 1904
2957 7855
4190 9595
7500 6657
2592 7031
5196 5032
7815 5823
9346 3371
8172 1943
5451 96
2392 5425
4017 5068
8934 3581
7483 151
4183 6403
3914 1578
8307 6871
9432 2496
6465 3283
5504 9056
313 699
439 8127
6522 9784
1497 1045
8079 3299
1140 6822
5075 1508
1889 4009
5089 5724
511 5623
2126 4425
7200 6784
7647 2983
5631 463
6265 1135
5870 2929
8185 2660
1055 4706
8795 8903
2102 6873
8553 9594
46 3628
1101 8287
7636 2541
4010 4498
4516 2487
8922 1715
9271 2920
1050 1253
3382 7314
2387 5603
243 572
8262 7649
1629 7057
2904 83
281 1456
9676 327
5083 7128
4965 9070
6021 8974
3568 536
7812 8841
8602 3434
8113 9651
4687 7846
6965 3425
3449 3559
348 1710
7559 8329
5118 462
8411 5399
8270 4438
2077 3352
7917 3393
8774 3937
8718 8693
824 6529
3885 9426
9963 1997
9076 1001
9843 2392
777 3291
2302 1125
1352 9861
9453 2822
6674 4215
4572 4943
5004 3000
4647 2920
6392 9772
3209 5109
4816 384
1637 8700
9809 7951
7049 8885
5303 6891
7628 6080
6533 9930
7204 4236
6142 3008
7057 2815
3574 7980
4110 8577
979 5108
7848 7370
1231 7408
2478 6046
7792 467
4745 7600
8417 1793
2836 72
5035 464
6151 7919
6745 3354
2155 2886
2713 5563
2052 6286
3543 2513
4862 4521
7620 2709
8243 8850
6469 720
1247 4260
7538 5992
8211 2307
4136 1047
2378 5523
7862 8528
3441 958
8233 1947
3843 945
3862 2246
7230 3756
4759 2091
4628 8730
1151 2870
3932 7619
9942 5178
8230 7479
7521 6441
9785 8009
3839 2162
3531 8052
7041 3323
9009 5273
5270 9203
6217 5483
1448 3446
9238 2558
1888 3865
1288 9391
6735 5219
3361 3028
6748 1591
506 621
4383 6643
8629 8221
5156 2159
2624 2197
1833 1632
7469 7102
7186 3686
2584 8633
3483 8173
1191 5371
2038 8830
4761 5124
400 8121
8151 7147
6063 5008
7767 445
1650 2747
5017 6806
1257 7640
9002 3090
5623 2822
191 2808
6507 9127
7793 9990
7299 5335
1712 5688
4164 6472
811 915
944 5313
8061 7007
321 2180
7451 8322
1278 2468
5127 2535
6459 480
5624 2082
9654 2166
4889 6160
1292 9033
2501 4943
4367 564
6982 4882
3387 4145
5796 4331
9457 209
7689 6129
8740 1491
4451 17
3958 5929
2551 6769
2761 8174
8850 2414
340 90
4925 7983
9123 3778
9277 9841
4341 6259
4723 4080
403 6870
4762 6211
7078 2450
8692 5817
3940 9494
2186 4250
5422 4736
1018 4534
9262 9867
3299 5953
6308 4576
287 1782
8353 9564
1623 9045
2174 2697
3124 8928
9566 7885
5138 6644
6686 181
8812 626
9674 997
1227 1448
2085 2244
5981 7698
8462 9280
3650 4769
3855 3936
6551 8559
9851 4525
3955 2024
7221 7079
951 6786
1315 2441
3429 8001
2621 8593
4978 2295
5941 6204
3742 8025
4799 6074
5722 3260
1705 5723
4380 1911
6011 7282
469 5861
1806 4424
7885 9026
7854 5187
5812 5520
7627 5592
9872 6600
536 4849
5246 6477
7404 5339
4501 2202
1412 6575
5461 3117
2297 6193
5027 8307
3474 1848
520 5280
2623 4756
657 6828
9942 6468
2347 3921
8412 2219
6872 8947
3419 2117
5423 823
7455 6276
9376 8866
9202 4837
8334 1498
7381 9713
6157 854
1560 3028
2485 534
7783 3142
7361 7724
5961 6059
7996 4372
4629 4867
9671 8048
3335 1445
5222 789
7720 4597
6007 6921
5785 692
4771 3165
404 7279
371 8315
306 2855
8848 4440
2348 2560
2163 8309
8619 6511
2680 3247
1377 8702
7646 4712
147 2867
1852 4218
3816 4210
7491 5952
4902 2261
9117 1657
5891 5839
9972 2548
5045 5171
6987 7393
7731 5501
5701 6349
8363 4732
5947 9740
3434 3593
803 9932
2811 9006
4149 2978
3216 1639
8930 4469
251 4398
6125 2493
236 6096
5040 5280
7619 8378
2672 5349
231 4724
8049 8593
5808 3995
4684 9241
3939 1838
5524 3102
844 9672
6079 411
1311 5008
1231 7913
9405 7355
406 5992
9803 1797
1272 7421
175 295
2769 405
1371 7169
8997 7178
1163 33
2770 1454
1870 8293
4555 2713
7964 633
9475 5626
5641 705
9891 1397
4412 296
7389 4214
8444 5012
7986 8618
1658 754
5374 3028
4274 723
6557 5436
755 9326
6889 2624
7618 7795
1689 1934
8428 7515
3911 420
8220 153
8168 2631
6800 5556
3196 5244
6919 1181
3861 8577
8286 9235
1604 2559
6309 4513
4346 7063
3838 7587
6038 7808
5381 7726
6093 3808
5241 6355
579 9812
6508 8747
8794 3307
4302 1989
8550 7573
3169 8763
6149 1454
4349 4104
364 657
8616 4709
7719 2454
2295 108
6613 7676
7834 2705
7835 9426
9059 8414
5589 1918
7160 4382
5225 7813
6370 126
5385 5890
8888 7885
3695 3236
1989 4058
3892 604
8766 7962
9409 1061
8070 2373
5088 2255
5077 2922
8032 488
1335 3620
8757 4846
8001 3981
9011 722
459 4395
2963 9346
2280 6657
2582 620
714 6473
1223 5831
787 6984
3243 8856
9356 8330
7462 785
7604 5493
7624 5290
9112 6380
136 7112
6713 9146
4185 7171
9892 7147
2868 8523
3803 5449
9142 868
8274 6717
3050 9060
3700 6293
4267 9407
974 1728
6543 8577
3572 518
219 2683
3250 354
6146 6314
5851 330
9836 5742
3828 2703
4265 3982
8152 9758
4849 2777
6474 4250
1836 6525
6894 2454
2284 7868
533 8826
2796 4104
5696 3014
6786 8945
9719 9283
5258 5569
9612 1445
7663 9791
4147 8279
3772 2298
8036 8620
1426 4510
9221 9613
7386 6115
2066 9669
334 2598
4847 9481
3053 6894
8847 9838
5838 8565
5472 7447
486 1435
8891 8148
1225 9389
6426 4996
8039 813
9967 9464
1674 9188
9077 9060
5302 1142
5080 5635
92 6278
5115 3144
3171 3961
9334 5360
8878 4805
2806 9363
6240 8048
3862 7464
7437 6639
8812 1827
7451 8778
1290 9125
7965 366
4536 3266
7860 9615
5252 7951
2245 367
7446 5415
679 3131
775 9556
4288 9932
5270 6879
4332 9131
694 8120
5769 9505
9946 9572
8283 1235
5048 6247
7953 9583
5865 5812
5549 1116
114 7793
7834 3911
3208 4865
7042 334
4420 7681
6617 6042
4559 948
5172 5252
5419 7293
1109 5364
3216 9391
2951 8263
1989 903
7845 4205
3066 3393
1673 3179
7538 9506
7089 7097
4370 482
7430 5142
8162 398
1183 9072
1346 2706
676 6764
6350 1784
8480 9565
7526 1430
7827 9514
2332 2023
71 1749
5416 1743
4927 9305
7600 8367
6401 1970
5201 182
3463 3362
579 997
8786 8276
3702 9461
5040 6404
1244 3519
5968 8769
1300 147
4634 9983
2169 4704
1731 3936
2798 6657
3240 398
1375 5992
8719 6575
6173 2181
6289 3104
3177 5074
1379 3230
4534 2770
9633 2129
6288 1953
897 3939
2099 1882
3921 619
2938 5651
4555 5735
8659 4146
6132 6386
6490 4850
9312 2662
3382 5600
2117 6558
7025 3496
6140 7910
6265 5772
38 8905
4076 7286
2843 2526
9168 3116
3145 8457
5118 4051
4191 129
4548 323
6514 1037
1524 5825
51 1258
7777 2167
7815 4801
5662 3954
9063 8279
6078 9100
7183 6505
2738 6377
9031 8257
9492 8527
6713 4610
8929 903
1090 9828
7577 7603
865 5453
9779 7267
6710 3907
9433 876
8708 1447
1182 7770
9725 3611
3221 6907
115 2310
3283 5497
566 9127
375 3630
88 9303
4533 1177
9131 8461
5131 6347
265 4909
3613 6974
8816 3045
7850 3875
843 5383
7996 567
8993 7568
3825 9107
9878 3460
956 6795
2586 1330
425 2673
633 1309
201 6115
9769 5331
8813 34
239 2425
3359 5406
1821 7560
5632 2664
2942 3627
9582 1934
1195 3407
7393 7424
3218 8348
4218 5803
6029 994
4827 3013
2302 5027
9127 8423
6709 7939
4808 6947
6715 8166
8705 8536
2078 4336
7551 5019
4315 7132
3305 1861
6890 7049
9284 107
1748 9853
2261 7776
7199 3439
789 9500
4817 6267
4274 1525
558 9081
4824 3624
3599 3528
8511 2028
4215 6061
7046 8529
9545 6702
389 2786
3750 6024
9245 5497
2229 1505
9625 9427
1296 6765
8926 6112
3031 9552
7637 9940
4984 2460
3564 8582
2339 2074
6961 2905
4487 4007
1434 4031
7060 8174
3168 7162
4198 2412
2658 2778
269 8634
2204 1564
5398 7481
4027 4781
7032 1663
4720 2016
474 4635
6949 2812
6709 3910
2069 7547
4268 3502
7929 1327
8027 1096
8488 8576
9860 7498
1353 128
6131 3556
8043 7881
1037 2069
2661 4420
84 3732
6435 557
8367 3384
9721 1427
3645 1789
8973 7912
1642 6901
5590 9668
4348 430
8244 4207
4279 9596
686 6761
9504 8728
4641 540
797 3653
1311 880
7385 7746
7788 5751
7481 7508
3529 1125
5648 8853
5388 7289
5753 7329
6957 6452
4110 1552
659 8388
1147 1344
5149 7002
6424 6141
3893 3572
9794 5204
4451 3530
2949 8590
5632 6781
6098 9160
4257 8097
8012 9644
5386 116
3324 2342
6567 7434
3893 3577
2173 1391
4921 7321
4745 7696
9814 8637
1267 9607
3840 2069
9488 3140
658 5119
9920 3107
4278 4176
1204 8641
171 6589
8756 3495
5282 5322
7280 5526
8899 9452
6916 171
3125 1660
7866 2938
6649 9132
8896 488
1200 8383
3628 8209
3501 9899
1316 4130
4075 2519
2770 597
9107 1525
4091 4388
3198 7722
9913 8448
7174 3180
4970 298
1192 2835
3235 7840
8318 8482
4679 5869
6864 4658
4078 364
4557 5393
845 4983
4263 3614
1931 9721
1490 2374
460 4687
95 372
9487 7268
9903 4456
3917 7446
3643 7151
1637 8312
5632 6316
4181 8847
7325 4610
5562 8233
6354 6406
9567 616
6371 1498
336 7860
3871 795
8899 3965
7518 8385
7585 3772
9192 1501
7570 9186
5004 9206
7498 6987
1873 8030
2186 9198
8991 7747
7430 5344
505 6997
2311 6875
4846 8998
4735 8716
6144 9985
9032 3661
4721 2968
3784 3912
821 1353
9450 2176
6911 6947
5514 8783
1328 7699
7980 318
1798 1762
2013 2302
5110 4323
9176 9955
3320 262
5022 9463
246 4053
9475 4966
3373 9610
5230 4193
7315 4679
6368 4225
1625 1881
3007 9304
5932 7339
9621 7729
5452 1633
30 561
2307 5557
6867 1978
5819 1888
7792 2416
2292 7266
7382 5664
3227 8963
6208 541
3641 2575
1117 1617
808 4124
920 3091
7814 6892
819 3265
8524 7200
177 7182
9108 3395
9159 1278
5282 6950
3694 3925
567 7427
9589 3793
6389 5796
686 6381
4723 1802
7997 1882
2277 5268
4972 6442
2159 2142
6058 7034
5693 2586
4215 4800
5980 3373
6078 1261
6674 6123
5186 7240
9901 1126
7384 6289
3273 4421
9021 4347
2575 3369
6228 4851
8636 7551
7645 7146
9692 54
4179 5384
2640 4745
6536 8619
4469 2613
6232 1142
5087 1417
4733 4987
8894 8468
7627 8518
2889 6647
2865 5463
15 5444
6665 5002
2995 4309
2147 9038
4363 2677
774 3354
7421 7309
1972 1889
6273 8203
9382 1359
5971 466
2697 1216
8933 323
9734 1821
3321 8950
7283 9687
4393 300
4688 3739
960 3186
2777 1674
5862 9902
5027 3282
7210 6999
1522 9834
1553 7255
1192 7524
7720 240
8739 6652
562 4824
4825 234
3773 8459
9920 8166
8758 4607
8256 9718
7792 7384
1391 5
7285 6418
3286 4494
9768 1159
4327 1320
8413 1870
8843 2484
8461 3934
5487 5374
8757 311
5607 8882
8770 5526
3399 7527
6484 1654
3596 627
9038 1339
631 6322
7756 268
7168 3875
1426 7846
5194 6190
6068 389
5025 4528
674 512
9902 5782
7174 5508
4663 5943
7386 8061
9822 3869
9715 9769
848 5104
1107 1478
1425 5214
8098 8592
9088 5875
2790 634
8417 8857
1022 3441
3384 8047
304 3285
3828 7478
5145 4843
9772 2530
2903 5945
2750 8969
5714 3597
4072 3172
1427 1849
8386 9524
6792 3825
5398 9581
4458 3814
4789 1831
3607 8173
9877 3910
7809 57
7739 2953
4899 3863
1834 7801
9807 4584
3122 1872
8180 3545
5044 5958
1745 9781
5481 8537
9957 7231
4469 4415
7396 9258
2597 1002
3782 8826
1264 1590
8882 5354
895 3780
9216 2728
7932 5375
7311 7405
7246 1843
950 8641
7800 2694
4773 9633
7582 4730
3215 8403
9144 610
7660 8092
7964 1441
6917 9227
9382 5798
932 276
9577 148
9356 3861
5522 3018
1265 9119
1212 8566
7760 5364
7612 2532
4996 5193
7261 8210
9947 2756
5171 7606
848 3134
5398 7764
8712 1132
9914 9644
7759 5842
6143 7114
9702 8016
132 7319
7134 1343
5884 4893
6706 3495
3777 8053
5040 7389
2614 1338
145 7785
8944 7344
7270 693
1459 5982
8176 1372
5625 5935
7214 8119
3048 3267
6134 9531
585 3267
7226 2821
4512 283
2667 8288
8336 4058
2028 7301
5396 8524
1437 691
5867 8707
7735 7326
4688 5911
5049 6664
1845 8614
4782 1244
1881 915
775 8817
533 8000
7989 5044
8282 656
9683 2969
1065 1711
6622 6460
234 8058
3502 2453
6764 1237
9778 1451
7147 1178
4466 5343
9792 9247
6586 8024
6513 7360
6840 7046
1711 4829
2089 6345
1836 1772
9313 9252
9834 5934
5712 67
3992 5565
8871 7107
6801 5000
8558 299
6178 3023
1993 5969
8622 8579
344 5134
2290 7183
2179 4001
8363 4268
345 6550
2391 6009
5802 8576
8295 7865
8642 8638
3429 3865
5744 6582
8864 4301
3232 5041
3676 5225
7361 2297
155 7704
3782 8796
1239 5961
2796 5953
6580 9492
2503 5322
1853 8304
3897 147
2520 8890
8784 2300
2754 879
5233 1618
1532 8465
3010 5207
41 371
3855 6547
4426 7636
5342 5664
9948 4490
7969 6527
3981 471
1848 2185
5126 5744
8683 3997
986 3818
6296 3739
4697 1529
5356 6228
6345 8366
7786 6385
5088 1640
2931 9513
5627 8272
1529 1927
2761 9497
8453 3094
6319 6653
1630 1444
8748 313
5440 9733
482 8087
3472 5178
9615 5179
7757 5959
3544 5542
8695 4983
3533 1625
4496 5512
6249 2376
7438 5361
1872 2242
4806 4542
8894 6436
5985 3994
3100 7776
3726 3581
2214 3549
5111 1829
8728 2867
4139 8623
4761 2834
3606 4645
810 4453
156 7058
6828 3945
8771 5051
6187 3576
9592 1432
11 1928
5425 9462
6055 5503
3043 8268
9051 4505
6448 4130
3723 587
9105 8483
3420 2710
9480 581
3514 9635
7639 341
9932 2761
1743 6118
6336 1334
7549 2699
9613 2974
2160 5667
4828 1554
3934 3878
6058 382
4360 6133
7320 3464
4615 7091
2525 446
7671 6038
81 5309
2730 12
8069 824
2481 757
2157 29
3455 8121
9354 1966
3787 4181
9872 4072
4411 5929
805 5122
8413 8124
8585 9380
5214 7461
9825 2885
9850 9905
4545 2579
6268 8966
9754 5100
9722 8262
1481 9528
6382 834
1493 168
1367 1364
4239 2129
3645 1396
7250 8409
9519 2186
7788 1085
9646 7613
3969 9495
3869 4865
8425 6489
3830 8178
1588 9903
6439 3068
9430 2820
254 7275
9339 1620
4990 9929
3748 4986
1324 7349
3395 843
9534 1182
8279 9179
5146 2247
5025 9015
7111 3449
5503 7293
7978 7090
7195 4416
158 2977
3587 411
6603 2925
8382 7944
2853 8481
9282 4177
5829 2676
1371 5362
209 9649
892 5355
8247 5916
721 1709
5716 6223
9001 3693
3312 2548
8108 9821
1876 1694
6583 4830
970 4964
2773 3822
9796 2054
4350 1976
1081 2072
3689 7642
8072 4580
2996 6318
6847 68
4379 2562
6290 9731
6254 9601
2278 4361
5774 505
2406 8708
5334 3375
24 8107
3549 9819
6512 4250
1795 7593
2674 5483
5234 745
6415 4581
3415 3261
4648 7793
5823 937
7523 2076
6889 6153
2789 9014
3009 5194
7722 8343
4921 7745
2801 4821
7563 9312
9070 5709
6904 8095
1192 8489
8840 3958
9421 2254
7218 4068
6398 3040
1356 272
5116 4597
6424 7904
3610 9433
9449 7683
4127 721
5427 6927
5541 9342
6238 963
1402 9494
9057 8945
4334 7896
2902 3755
6501 120
4174 9250
3159 5530
9522 4626
6478 2297
8881 6439
1729 8330
4122 2207
9050 5900
9133 943
1593 1723
1905 2995
7568 961
1939 1901
5209 1193
5655 8061
1312 9829
7311 822
1710 3184
1800 8187
5480 680
4625 3561
5361 5098
5767 763
998 1252
1705 8942
2974 9961
1936 541
921 227
2441 2481
1419 4448
6894 9082
628 556
9903 2337
3739 1702
523 9218
8734 1499
2778 4094
6597 4897
4856 3946
6148 2912
2887 9121
2872 4823
6013 145
1401 4805
2625 9171
9252 5870
8252 9879
6425 4506
2215 163
2560 9089
5733 7645
588 4862
1738 3536
9758 2946
7481 5905
5857 367
5025 5081
1541 1037
5225 9293
5842 4201
8463 1445
71 3066
1324 2847
3924 9890
9362 6483
5331 5094
479 5918
9955 2216
9453 9713
1513 3285
5617 3722
3651 6994
8802 1544
8030 378
836 223
4578 9299
8020 1000
8716 9343
199 2639
5584 9560
5473 914
4653 5951
3183 959
4519 8987
671 6031
2271 2640
6104 5922
9633 1257
3817 4014
1634 4652
589 2564
302 8608
9915 9018
4302 113
1656 9885
9672 3481
7151 4324
9431 333
1635 301
9320 2305
2684 7942
1296 8787
215 928
44 4031
1294 8029
8683 1882
592 8984
489 507
8001 1142
619 6009
7378 6643
5841 4528
7318 5271
1213 8952
1924 6884
1257 4607
4825 8904
3393 5040
9832 9788
9070 1125
7817 4104
9358 4760
9440 6198
1618 3792
7339 2237
9800 4716
8879 5640
5596 6196
7263 3160
1500 9186
43 9108
3792 4867
8011 3536
6258 4194
9676 1680
5318 3844
5783 1027
8603 1574
7224 6573
5366 914
8809 5165
1982 4039
7157 7577
6586 771
736 8085
6308 7130
3544 99
8348 1555
9986 4606
5748 6013
2637 7418
9856 4771
8444 4811
6345 2020
1383 1710
2933 6543
3226 4914
6933 382
8842 3518
7504 9577
7955 3811
3058 1498
261 1406
9404 247
6011 5152
2611 8647
2569 2467
3417 7364
7277 9761
9383 8659
1470 2316
1553 4696
3581 8485
1429 2423
8354 8933
8351 6308
9095 1409
4158 9356
2814 9913
5954 5176
5064 8564
174 3984
1030 3590
1348 4658
9703 7082
9668 7524
5749 1220
8571 9330
9704 6352
8104 8058
1636 2806
717 730
4214 1226
85 3379
1139 6038
4906 2554
954 5079
6538 1983
5021 4237
2993 1075
1318 2660
8598 7067
232 3521
2748 9935
9872 851
4344 7859
3656 5061
8588 4222
2638 8673
3952 3776
1062 5210
6330 8367
288 9219
6702 1660
3455 9694
2734 1124
8705 7684
8190 8936
7556 7289
5223 3779
8139 9566
1637 8147
978 224
8720 3616
5248 9023
3743 2662
4232 6424
1028 872
5642 7729
2531 5448
7422 1617
6572 6127
9300 1113
1414 6855
8402 6636
633 2892
6202 2269
7390 7179
8844 2461
7146 4092
1484 889
6753 2067
3664 7780
2938 9306
5509 5469
1105 9282
7085 4028
1760 2736
5141 3174
5942 9894
9809 2926
9137 2362
1546 2879
5893 389
5339 3038
832 3174
278 7584
5241 3942
1716 4530
9599 3576
9998 703
9209 3434
4731 969
2521 6223
494 8462
6116 6654
1387 1604
9016 9284
4482 1260
9673 9821
4297 504
9346 927
4440 4586
4868 2507
9116 818
6082 5465
1520 5290
5251 2602
2610 7771
8824 3103
2585 1291
6109 323
2895 5124
9607 7376
2735 5631
3548 3383
2486 2894
4309 3277
3831 5528
5783 9298
6345 8216
1115 4217
9858 6365
6818 2467
487 5642
1922 3071
6932 8030
9746 9826
9505 9352
3554 2239
1334 7101
5621 3819
6346 6282
7096 177
1809 9230
5826 8154
7446 6940
8722 7303
9656 5539
6121 6495
1180 8042
9565 4464
2423 5662
641 8279
5013 4194
6869 2698
7647 2490
6517 3992
5123 9964
520 6931
9193 6346
1436 2990
9637 157
292 5645
5696 2765
2139 3227
7158 8055
4042 9581
3717 4683
4211 5081
8876 1080
7779 2874
9921 4295
6866 5043
610 3737
1973 9802
6434 9761
2792 6071
9917 9435
8067 1964
2199 205
1543 5709
8259 5584
5289 1975
6618 9499
3408 1846
6930 1186
4719 6850
5480 7936
1892 2441
1673 3865
8594 8106
9977 7737
528 6245
7172 8594
4561 5722
8798 6103
1430 3409
8038 3070
1735 4656
8921 5142
2853 5850
6327 7571
2700 8158
5507 4591
598 3531
4807 9192
1636 1135
6928 8516
7380 451
7109 1940
2525 2259
4394 3954
5667 2431
3376 7401
3438 8648
2543 2642
4497 5221
213 3548
3379 2071
4491 3976
5601 5649
9519 3588
6784 6447
8455 515
3249 5564
2454 5773
4174 6847
6079 9840
5629 9454
3592 5419
4453 2486
8060 5301
4059 4624
8849 7437
6694 9691
7764 8646
1691 7283
8586 8474
81 7040
8988 3329
8955 7793
5454 3128
991 1532
9319 6620
7337 9263
8390 1789
8100 2801
7089 2158
7425 2289
9594 470
1979 3710
5468 3670
7344 4053
8495 3776
7444 3835
3456 2751
1627 8909
5878 2618
440 1549
5589 7776
811 330
5916 5262
3130 3005
7420 554
5293 3365
1024 3624
7074 2843
7293 769
3247 5787
4544 690
5973 8000
3440 7600
6908 5670
6569 3700
7218 8509
7827 4380
8838 3743
5993 1967
3099 3412
2521 8391
6777 9896
8366 202
2738 5658
971 5984
7797 1866
3025 3769
9865 2817
7720 3125
8486 4288
3176 2055
2796 1002
2786 1633
1096 8778
9952 4194
2190 2472
8937 5318
8719 3654
1871 7808
9312 9193
143 3460
1059 3167
3580 7275
5983 1300
6751 820
1939 9926
9226 1087
7280 2011
9071 8375
789 9022
8921 9330
7845 4209
999 6563
7862 2869
722 3525
8414 864
3336 5824
383 6916
3098 6365
8215 6201
3537 6505
6126 2762
7591 9757
4773 6662
4484 1913
5683 9756
7594 3528
316 8592
6442 4529
7812 7164
8054 6225
8027 1389
2048 8409
4656 1498
1126 9222
4050 1014
5727 175
3775 3317
6284 4899
9978 767
3163 2013
522 756
1892 837
9347 8333
5365 7159
1848 9770
9735 6227
7511 8135
987 2166
5984 8464
1388 33
9477 7114
6559 9604
6782 2842
4502 3112
3608 7665
5124 481
4772 3367
1317 4119
8051 6682
7629 9899
6451 3715
6125 3961
8201 3463
2479 4184
1927 3866
568 1403
7331 7127
1006 4112
6320 1860
7223 6280
5876 8698
6760 647
2064 8077
1117 115
1110 5097
13 3912
8812 2489
4225 7012
2303 6703
7548 4229
6920 8115
5632 4250
1593 2989
4713 7913
4848 1936
4192 7075
6985 951
7722 9049
5379 8838
9163 6488
287 5527
6752 9098
4367 976
2461 6669
4030 6360
7250 949
4475 9233
1550 6067
2221 6262
331 3421
4549 874
495 1534
8177 8216
6934 3555
3406 6096
6395 3692
7974 3146
9141 8692
4121 7953
5360 8150
4313 8961
5450 5139
8193 6999
7557 414
9612 7888
3834 4161
5113 680
5694 3289
5248 2627
6844 8653
5074 9590
8696 9399
2735 4188
8090 3207
8492 9801
7708 2804
8762 3157
7942 6954
6507 5499
7367 6118
9738 7552
278 4850
8232 2323
8139 3479
1301 1334
8483 2726
923 3530
2124 9
4069 6565
3215 2560
6366 922
5364 5127
430 9657
8432 6936
1507 5799
3053 7596
9702 9683
2446 4285
8357 6936
7763 9658
4621 2597
8735 5543
6126 859
5551 194
7423 5117
2754 140
6038 4469
1618 2819
477 50
6106 1984
2200 5510
9579 1901
5192 8376
2538 3549
5311 6652
9558 9931
9249 8292
1825 1726
5502 3727
8272 9277
8843 7377
9416 1232
8197 1034
4050 8673
7435 155
7008 9634
5665 6587
7886 7208
1314 423
7108 2977
7075 6665
9259 2675
1309 1084
752 6810
4810 9023
6086 3653
2751 1854
4884 947
9239 5286
9620 6673
1792 6627
6306 7456
9565 543
1016 879
966 8123
3855 4392
4788 3113
3418 6096
548 4169
9257 1710
9544 5343
1714 2294
3548 2949
3241 2786
8234 9212
9458 26
2190 5763
3833 1755
2657 4848
8985 9974
9323 9191
4365 462
8655 4134
6557 9203
8303 2165
7264 4198
3859 8977
6491 7406
1925 6083
191 6511
5294 9648
2888 3836
1762 6720
5590 4419
7920 926
4392 3594
116 5109
4055 5122
5594 6963
676 248
9127 7939
4445 2986
3267 936
391 5192
3370 6934
8054 5016
2933 941
8851 4695
4012 792
5465 8283
1717 6208
1876 8184
7668 5930
3305 3262
2892 3981
3509 8371
8271 4306
1356 1538
5241 8098
3081 4962
5031 1134
9977 7964
2074 8827
9010 6085
9618 826
720 7686
3385 2595
5869 7405
4877 5526
7018 7768
5858 6878
6138 480
1183 3845
2017 2775
1943 5097
7737 3325
6230 7713
7640 4655
2892 3001
7092 8861
178 7811
6547 9915
6757 8767
7319 1633
644 688
9401 6501
7565 1890
6981 8748
5735 5349
7874 4029
6798 5610
3705 9379
9675 1345
4034 8918
4345 7477
7778 875
5287 676
789 2043
5795 8107
28 6438
8794 5780
9291 2710
7669 2623
1457 9755
7971 9331
135 4768
1292 3840
499 7318
5184 4532
6235 5880
2008 365
6754 3646
1040 3894
2040 6834
8352 8419
9624 7145
4198 8914
9855 1867
1536 7663
7973 5858
3345 8108
6978 989
8299 7476
8306 3482
8359 4541
5713 6718
4905 8819
6715 2296
2712 8754
9130 1064
3525 8753
4560 7722
4018 766
5940 1905
4781 3913
7762 4477
8372 1091
5465 6670
8566 3771
6503 6924
4663 8567
9993 5919
7385 6707
8214 6449
1813 3695
3864 5337
8799 4775
3058 2816
1893 8998
4720 6673
9262 8834
1149 7633
9924 2966
654 4842
3088 7156
8117 7750
5722 8110
20 9459
4816 8233
2259 2980
1928 2474
8316 7078
7248 7726
9894 9140
3075 965
2164 2336
9798 9665
6320 6074
2630 6973
915 5717
480 9031
9818 2553
7140 9837
2011 8308
8069 621
1287 6348
3094 5955
3426 342
3680 9671
5833 3106
635 7997
5441 6785
7661 1760
2858 6642
5084 3772
2358 5563
9154 8527
8115 6294
8363 6478
953 2783
3450 2239
9131 6544
4545 8908
3237 4576
4930 5421
7681 5564
9769 3121
8700 3781
1232 1557
422 2667
1680 9131
8229 834
7657 2696
3479 6019
5525 4431
8802 8974
3021 4284
1869 7566
9543 1457
2141 4472
6878 6174
6387 6646
9294 5087
427 6878
2995 7200
9544 4675
6331 4125
1860 3987
6820 5338
6358 8696
9768 1511
4021 9140
2146 5890
6705 1688
3698 5198
6159 6927
1371 8897
3573 7016
3983 351
3893 6978
7550 9789
8004 232
3913 9863
571 7084
1552 6928
5779 7671
8438 6151
6810 6935
2040 9867
8622 2090
1416 1132
9016 2786
28 8940
6153 4011
9290 46
7340 3192
6186 1695
9775 98
7909 345
7181 9460
7272 9311
3482 2061
5461 6643
8995 3853
6509 3968
5942 7924
5099 4957
7061 5127
249 3214
5489 9538
9611 9180
9081 5796
874 8856
5893 5134
5552 9425
945 9176
8735 4426
1236 547
1068 6583
4399 3929
6902 6692
8204 2001
8001 1617
3479 8249
4830 5319
4138 792
850 3219
6587 1723
8426 8831
3208 329
8255 4152
9504 3341
8577 7092
239 5996
3674 4638
6276 575
7681 4480
8927 5681
6096 8757
3929 7277
4075 8067
8068 4924
7637 4654
2998 2414
9836 6205
2742 4442
6708 8598
7782 5284
5689 4372
7632 5714
5361 3907
2640 3042
4738 1567
8722 7185
6675 9003
4461 750
3421 8880
2025 7409
9885 1375
9822 9720
7579 8915
4161 639
7512 8294
5922 9552
2666 9905
5265 8026
164 7905
1067 4901
5823 6141
8438 2497
5143 9250
9598 4915
8130 1623
2323 8014
9349 8496
7734 3279
7410 8246
3917 1274
6540 9839
825 9205
6095 2442
7230 6258
346 4649
7511 2520
7141 5948
5016 8635
5197 966
3549 3326
2588 5871
7692 1936
718 1777
1566 8127
22 5483
5752 6561
5321 2929
2117 7767
5370 5699
4025 2067
347 7887
4586 7487
3834 5953
6121 5382
6918 6021
5060 5857
8243 2751
4144 8960
4527 5710
7086 900
1192 9190
7461 2864
2118 5929
630 7487
1627 1006
9553 8325
8892 490
2163 9077
6442 4635
4459 3360
655 9518
9216 8897
8620 3360
7856 3146
9069 1294
397 260
6835 7857
3123 8952
138 3752
2790 1764
1110 8694
6441 1
5535 8603
9078 1976
9590 9888
5335 6596
9405 4551
5493 4376
4262 9700
7521 3330
7345 4269
9941 531
8478 3063
5834 8615
3166 8623
6730 4275
3668 3170
628 9202
8125 6057
7530 4066
5944 2864
661 1700
3766 2505
6075 8027
2205 9947
7708 5901
4215 7648
6432 2692
710 2265
1306 228
7240 8036
854 7259
7557 1481
2813 2033
7537 342
6098 9832
9557 6759
1531 3323
9263 3957
1349 7819
3903 9057
72 8118
6704 2855
7161 3766
1471 8467
3993 5062
2854 4846
2321 6762
2679 1485
5147 6567
8178 1244
6399 7734
4354 4281
1056 9969
8238 8757
7787 2140
4165 4210
6609 7220
3416 3770
985 4887
8588 1329
9948 7793
2527 8620
4554 1557
6456 9700
8123 4633
7296 873
2367 1649
5154 3422
1617 3391
8530 5756
5530 2694
6317 8491
9914 9733
2260 7250
4619 7199
4931 918
4991 3809
5890 5896
5365 2345
1948 3487
6978 5595
712 9344
7243 5865
9117 5212
9255 7647
7319 1136
6692 9987
9626 2957
9719 8237
207 689
5435 5137
1607 6777
5297 3848
2673 661
6192 972
499 9521
6566 1210
5216 160
7074 685
5371 2680
8331 9041
3816 1374
9028 9793
4331 8746
8030 889
5787 9816
2377 7393
6593 7673
7592 5617
8333 3783
6588 5183
3304 3153
6393 4871
3312 9818
5555 5035
2498 237
4075 2665
1611 3102
2457 5941
8200 6838
6829 3986
6654 9205
7730 9598
6877 5321
5214 1561
5455 1801
6743 5110
1305 9487
9981 4616
9305 5535
9650 8154
5772 77
818 7382
9530 9626
9674 4081
6464 2854
4418 9469
8410 2147
9066 1638
3819 4279
9550 5626
2431 6292
7087 3735
2131 7067
8350 7787
8954 4352
5940 4725
780 3109
8458 309
2734 4483
4390 5549
3688 8807
5017 2097
7306 434
3734 7476
4712 9635
9453 7142
5926 6540
7228 4408
3606 5578
2194 2559
6281 8133
3635 7060
7593 8444
7368 6679
2926 8109
2227 2965
3268 3596
5061 6925
381 5146
4400 5093
4780 205
8586 7058
6744 5814
1465 6701
7743 3659
5612 4023
8143 9246
7434 2088
4042 1153
8766 3319
9262 992
6284 8881
939 1344
5805 1320
2842 6556
2764 3973
6760 7701
1030 3503
9866 8847
204 7608
8857 2167
7982 3351
7764 1767
5438 1805
2920 4203
5124 2181
5195 7759
1061 2485
5454 6865
3804 8295
9772 6567
8620 6532
620 9649
34 485
4847 6589
4445 3703
8755 2426
7054 6519
4193 8843
4675 7112
3046 6150
5644 4592
3908 3056
7076 9362
6272 7232
4008 6043
150 2627
2574 769
8628 8960
1254 3474
1900 5698
3529 655
4475 6934
3525 5019
5776 4551
8482 8821
701 4125
9764 960
3532 3192
6673 9803
423 681
2198 572
9659 1123
1341 4638
82 8946
4464 1982
4643 4344
8988 9117
1277 2512
488 3404
3414 8969
8577 4114
3094 8340
5074 2977
1531 1746
9132 1953
8778 1329
8877 4789
2451 6569
5778 8885
5514 241
866 156
936 9853
5624 2212
8716 6111
5616 2129
5080 544
2595 4525
8883 4020
7501 6766
2117 6632
8718 895
4312 3946
2035 6763
514 7812
5647 6027
4405 2864
2534 5340
9068 4510
3904 4135
620 5871
6263 2051
6414 5209
2927 1648
9228 6780
8413 1345
9763 3483
8591 4075
7428 6977
7189 7942
1140 9187
320 5544
8402 2854
7236 7469
7363 7491
1603 4334
3361 4217
2737 6126
9426 5663
7773 5005
2442 6186
6349 8557
9668 1291
2631 3447
8267 6171
1388 9407
5357 8060
1302 3758
7265 4889
7578 4627
2379 9180
5312 2091
9748 8048
8216 9173
63 2341
530 8856
8526 6878
7412 4545
8169 6394
7991 2787
2564 5731
2193 4272
3790 3495
4381 1054
8383 1958
2032 7114
7489 7343
9204 7237
1743 3772
2761 8157
6112 3290
3364 989
6520 776
5533 1040
3521 3523
3826 2437
9253 6019
6708 9394
5865 7441
447 599
5750 2478
7712 9591
6173 6916
3179 4267
7039 5939
8775 3150
5581 2138
4138 2100
9265 6022
9491 2786
9544 3316
5222 5149
5686 8281
4542 1550
5721 1341
8501 7823
170 6212
7413 6342
9479 591
6960 6517
2881 5734
6018 4813
7872 6507
6912 7136
2528 2754
6273 8424
6070 1494
3572 8107
6127 4465
6009 8199
5805 4509
6021 5975
720 9785
8668 6551
6727 5628
9419 9608
7713 5437
4420 5584
8295 7684
9072 823
6789 5344
9246 2858
3190 9169
965 5668
3633 6973
3866 5790
7833 9887
8116 8552
6023 6783
1454 2750
8762 873
8709 6475
2661 9480
8410 955
3515 3833
8129 304
5529 7374
9513 8718
2894 477
4385 6527
3801 4602
8668 1633
4488 6783
6537 6863
9917 4342
9612 8679
5214 4672
1505 4226
4151 6266
1533 4018
99 9661
4321 5627
3387 3833
696 6280
662 1432
9158 814
6033 7825
8799 6873
959 1687
3735 876
6028 9698
5906 1242
4369 3762
1819 4871
27 3351
8888 6477
3012 9560
2103 6398
9745 9150
9029 406
7571 6614
2363 6369
9838 3322
8055 3572
549 4083
9621 2806
1676 341
2919 3494
5211 2945
3197 451
5774 6208
10 7876
8957 9754
3378 4337
6511 3958
2523 4082
6923 1238
6802 6760
911 4857
6683 1459
5291 6303
616 3318
6643 3534
3163 8206
2830 6359
8656 8603
2566 8665
2831 7874
4771 6208
2211 1281
6517 1085
1714 3440
8674 8516
6551 9584
9724 3234
1042 5014
5888 1657
4683 2531
1542 7845
7088 4372
4204 5743
2974 3121
759 2156
7347 5529
8363 5909
3162 4880
6993 4875
4671 2019
3390 1221
1602 3113
806 2644
4478 6694
652 9160
5576 2194
3357 2663
2917 7560
8405 2242
7032 5515
4398 4378
1044 9112
286 557
343 3631
5431 5013
5649 8821
2586 7250
8285 3391
6245 9115
6436 6897
8274 2011
5442 7982
4673 4710
5541 9429
6951 2573
1296 7700
3302 2339
6812 3588
9247 7154
3570 4677
8519 9218
9849 1104
2819 8134
846 9064
7248 7282
2312 1873
5644 4105
9855 6669
8814 1747
2449 5764
671 3744
3464 3973
2434 6627
3912 1680
3780 7481
6357 8650
3050 6205
6105 5868
690 6951
4931 7937
584 7242
6162 6227
7698 2368
2895 6511
4114 5344
8627 1137
9087 8442
1461 1521
5068 5372
9552 5199
9204 5908
201 2253
8465 6305
8120 9154
3255 9403
7091 3838
2996 9604
6417 694
1971 5663
7204 2436
1006 2182
3572 6445
623 1384
4317 2042
6755 3868
3593 5958
6128 3793
8210 4592
97 2682
3745 9704
2084 7187
3541 5079
6790 6309
5772 5112
1972 9328
7548 9329
1509 7471
2125 8484
8855 6441
6877 1961
6661 469
7919 2788
4261 2480
3731 710
5161 3827
413 3596
1014 305
8675 4155
6614 4446
5619 4937
125 9518
4265 1634
6988 6390
6469 2194
9182 3345
507 5842
3814 8425
4981 4426
7256 5063
5135 8769
8890 1899
2364 9903
2204 7390
409 5169
8188 6027
105 8312
5544 4369
9945 8884
7110 6413
7429 6292
6110 7935
8485 9923
2711 9818
700 9967
4880 2187
5087 3769
4085 3802
23 2640
1192 6784
4160 9379
2810 4264
7690 4706
4985 3987
3589 2094
6751 7369
4737 2860
5304 9574
9134 8014
7980 622
8372 9418
743 8808
3220 7117
1448 4411
3900 1959
141 3062
6223 7830
7767 7559
8168 7707
6004 4919
5075 741
4130 6730
314 9616
4744 6056
5801 2723
6677 4172
8493 7419
2979 1712
4536 778
2474 8435
2737 8966
7848 5311
3147 1966
2869 1315
6024 8872
2585 7451
5964 6714
4180 2629
2681 8923
8684 8481
7998 5361
2652 6490
9131 1983
4553 3666
9112 3378
8453 8200
2343 2652
9862 5489
4618 2730
6803 641
7954 5739
8091 269
8805 8623
2898 1485
7545 7933
9966 1894
9645 8969
8383 8776
951 9287
8793 6415
2664 3597
4614 5006
6249 4476
495 866
3557 3649
7858 7862
9388 2301
4483 8192
923 3732
9676 4819
1664 5993
6713 7661
4962 1447
6436 2264
734 1580
8678 9749
1529 9644
1107 7777
4119 7953
4994 4027
1601 9203
8241 7340
1503 2723
1883 8777
6454 7911
9948 4469
3903 3012
2129 5216
4458 4916
7480 1543
2848 6157
7644 4376
5800 8750
2152 6270
6702 3497
6649 8302
2699 4889
1994 554
3963 3876
9330 6768
8138 5629
7588 2041
8640 9717
7256 9450
984 1087
992 3831
7244 8635
4558 9395
7384 3061
5665 4085
6557 8665
8739 9256
9905 7084
9809 3867
959 5490
6986 9097
7471 4573
7489 6110
641 1096
5559 1625
2183 2903
1807 5778
1537 6365
5172 5273
9425 7188
5709 2334
5852 799
7941 2108
7882 4101
5974 5193
5942 2959
4289 3412
3884 8129
9522 4524
5576 5080
6148 7758
7982 4307
9887 5871
7023 5059
7495 2799
8598 3203
5132 802
4002 3072
2909 1883
3524 5235
7075 9466
4545 7715
2877 8428
2195 2398
2952 7771
3830 5451
1880 8163
9757 1767
4033 6779
3177 1527
9578 8126
1082 1061
8927 1435
485 1836
3317 4008
7070 6744
3473 1614
810 6350
42 9357
5099 9345
3479 8928
4795 1710
7091 904
9828 7475
7682 3004
5354 3611
1130 6435
1024 6408
7869 1508
8243 7537
1867 1664
632 5340
9630 7794
8041 9671
3502 3139
5367 6980
8419 161
8689 1861
1064 4869
9335 5098
4224 1040
5060 5353
7474 2435
8113 1694
294 6355
5583 2161
4371 2566
3852 4000
6711 8244
22 212
7734 5388
7191 6152
1900 2232
8012 9316
7100 3699
765 1323
4738 5824
3028 8564
4611 7492
6609 4904
3846 8543
7064 8216
1109 7267
8567 7819
5510 8588
4383 3244
3975 1573
5747 5875
156 3759
1542 3607
3809 2306
1282 4898
4481 661
9813 9091
8152 6422
3995 8349
1316 7410
2917 2424
4677 1483
6595 6538
71 977
9781 397
8901 1880
2623 5409
1990 4164
2821 6648
7047 7302
3660 6860
6392 8163
9633 6738
6512 948
4148 5780
9724 5176
7262 6318
1713 3684
3646 7846
433 8898
9725 9407
4306 1714
9923 6025
3863 2743
9024 909
44 2684
7768 2788
846 7400
9525 3709
4700 24
9488 4423
1551 3102
7092 9616
3137 737
7461 9921
5986 3537
9328 292
1602 5602
2668 5464
8344 1691
2724 4740
4374 6844
3879 1572
4243 9755
1632 8942
6131 1120
9716 7681
573 6807
7296 61
3895 1108
9982 9881
4644 5661
6524 2597
1262 9191
4412 5957
881 7136
7048 5255
3979 926
3178 4573
681 4809
9867 6811
2280 9582
4491 9204
6389 8139
9265 6635
9246 5598
6515 242
7610 3038
2838 5223
2228 7250
1179 9461
737 8227
1067 4715
5504 4244
9287 6184
5404 5505
9346 7684
5087 189
6887 7827
8327 2503
4461 3924
4452 976
4165 2061
365 3355
7283 8945
604 8462
8405 1340
3040 9471
66 8044
1079 5469
3549 6776
9504 4987
6964 2743
2813 1642
5245 3625
5566 9697
952 6082
9436 5392
6613 6391
839 6487
8138 904
4531 5568
2724 8079
2344 2228
3065 5659
4970 2229
7301 6566
5853 9218
2614 6805
5299 723
4473 1087
6114 1085
7477 2670
2453 5207
2265 9643
8045 6754
6898 2575
8674 9621
7005 1017
8200 69
6675 9521
8649 327
6087 854
9544 8700
7658 1195
5774 8482
2281 8239
5918 9757
908 4722
1315 9524
4364 9360
2630 1261
1934 1303
881 5291
2319 5433
1711 5345
4953 360
5672 1039
1213 1567
9113 1864
3703 1393
103 5972
7502 1010
693 8816
6886 5056
8175 9515
2668 6461
817 9900
1751 9487
5332 3461
1183 285
172 3206
7675 1384
4773 3765
2957 3885
5629 3011
1630 2083
8982 9131
9444 6026
4298 6329
1081 8825
5843 3748
5285 3011
3648 3387
2497 5331
3199 32
5615 9723
3237 3290
1106 4361
7054 415
8246 9034
3425 6227
1116 2407
5357 560
8432 9654
8478 9083
5964 114
8445 5963
9852 7294
1294 9403
7325 3260
9125 561
6549 6582
4922 9955
6996 9519
5340 421
5745 6456
9179 7453
3367 3962
3458 6606
9826 8288
2040 2142
4753 485
4456 957
7778 5749
359 1454
9009 9483
2014 1909
6064 3287
8215 9412
2805 3555
9832 4901
6362 9010
8705 9728
9323 8515
6333 9149
6802 4725
7642 7906
8862 9338
4198 9220
791 3206
5054 9156
1466 7470
2443 9681
6881 1599
9587 3064
2852 5948
8425 1556
5675 7747
6422 8359
3247 3223
3083 888
7481 4643
2985 6342
332 3534
1914 7474
6739 6967
6630 4556
4436 5424
3374 174
731 6225
6121 9155
4133 1795
6902 554
6506 6500
129 5940
7388 7609
6935 6724
302 7266
257 2215
1092 3347
9182 4073
4254 9969
9496 4842
5015 4719
5446 1136
3874 5930
9282 7127
2835 2139
3626 2963
4431 7365
6923 1365
440 3577
4982 696
5791 6073
394 1324
145 4648
5841 5281
5213 855
9999 7010
8342 3872
2939 3976
7350 2125
2466 7328
5088 6896
1044 8362
8260 1484
8290 9594
8531 4081
2018 8925
9924 3048
4506 5764
4680 9718
2970 4679
3079 1312
4902 2369
1639 8604
4494 4104
5931 5933
1000 6974
646 5611
8457 8936
3016 7222
2264 1123
5736 2187
523 241
4302 5202
6311 7271
8582 1134
8110 220
9737 2603
8535 1675
7285 3801
8115 8841
7140 7482
6062 5755
4293 5479
8389 8594
680 1051
5864 6912
440 798
4397 4901
1017 4133
7503 1692
2503 2389
9718 7846
1568 7003
7998 6035
5843 1489
9868 8256
7243 4824
6404 1535
302 4792
6480 7334
597 2634
3141 4993
7534 509
5477 1388
8553 7979
3776 8270
2176 1695
5272 174
4081 7466
8014 3949
5721 1609
5124 2124
9495 5426
9111 5462
8318 9707
8095 7810
1051 1980
3367 3222
857 3494
1492 3032
5188 3115
9557 9269
9569 2653
9179 4692
1129 8673
6469 4396
6209 9316
1637 4303
3477 2687
9213 6000
1368 69
5845 9211
9453 1032
2326 9009
6652 9258
2931 6220
1910 2109
912 9390
7134 7380
137 8132
3800 947
6999 3628
3634 9632
1774 9198
1983 9494
5619 7827
8704 5071
8859 1029
431 1862
6638 3362
8082 4900
1822 5345
2724 4426
3439 8386
7122 3590
9333 4121
7217 9318
3752 5343
4867 2087
4836 6837
9913 3539
1907 5123
920 8690
6985 7557
2051 5066
2456 3872
410 3097
9179 9485
7871 995
2558 3555
1467 6126
9224 1571
1468 442
3657 2655
7279 3569
6194 5537
8692 3465
7373 6276
7093 6181
6500 3854
5629 2030
9690 9502
6848 6259
3818 8315
2384 3041
9885 3852
9835 3541
6506 7113
7109 9051
2649 2152
8867 6875
4179 2592
9502 7623
5124 2353
7828 752
4382 7518
253 8083
7781 7100
4341 1599
1766 6725
991 1650
6928 825
5190 9785
4289 8651
5188 6938
7154 4054
164 7685
2997 9665
5307 8120
8370 9487
8871 9103
3356 5475
2575 1526
9086 692
4602 77
2342 1529
7253 3883
7666 1542
8885 2853
4831 6039
3258 4994
3723 6255
1010 5381
4374 9379
4867 9597
4834 8222
5071 2019
5710 3997
4689 4498
4871 7030
6026 8476
7264 3691
2187 6153
6192 2261
2407 3553
7641 3132
9284 8860
7081 4151
6135 9142
8147 6030
3937 9187
527 5159
6216 2905
3634 9832
6595 3650
5980 9490
4848 4518
1994 7391
6778 4400
944 770
7531 227
9629 6611
4343 3062
761 6829
2203 5259
2858 2491
4446 9737
7650 7013
2641 1283
6844 5587
1285 2823
1428 2484
3692 3421
9875 469
7820 7170
7591 1703
7396 3571
4665 8090
6632 1777
1270 5187
7035 4127
4029 1480
3863 1678
8493 2855
9313 1688
8442 6949
863 9869
3290 9306
1375 7461
6475 8965
9163 222
8887 179
4663 5519
1955 5932
7057 8990
6821 6625
9115 1665
9480 8427
3353 7921
4141 1158
8768 7430
4891 3290
9864 697
584 878
2567 2538
6810 9623
7879 3220
7059 4700
9844 6173
6364 5675
3595 2677
282 7736
3835 5402
1517 650
1895 2759
291 3705
3164 154
4401 99
1032 6967
2941 6867
3764 9999
1566 3607
2524 4281
5634 9826
349 9228
2503 630
3315 6337
6031 1184
6986 7926
3942 7276
7982 3457
3782 2382
3555 1165
5700 2543
5357 4992
5761 9120
4990 7326
9078 3865
7958 4711
3691 8306
291 6193
8936 9957
8881 1318
7492 5866
9493 3576
4890 3274
2309 4797
790 4360
7339 6146
6776 695
4557 1085
1757 4599
9391 2047
7143 4678
8356 6023
2347 5847
8240 7942
3632 7733
1517 4874
7358 178
9670 8148
4537 3360
4293 3888
2810 2262
4580 5937
9308 5488
7021 1064
6439 2763
9463 3581
3792 4170
9604 6139
16 7843
4080 3648
4873 9285
7432 6662
4253 8076
6901 7062
6689 7832
9671 6370
7060 6109
5485 2874
9690 9276
7043 5645
9839 9493
1441 1929
1050 9917
2822 4833
2930 7074
9260 9830
487 5949
4013 3484
1944 36
6206 5355
6144 1690
8228 2185
4181 2731
8680 4020
2223 2088
369 3186
9932 3190
4370 2861
6616 3629
9043 7102
6938 7873
9442 3143
3227 1938
1184 1455
4122 8500
3076 8303
1230 1755
8674 3453
9819 563
3995 6102
104 4716
5315 6719
3821 4273
115 7110
8497 9557
252 1723
1494 7787
9529 1967
6286 8957
6621 7516
7063 5294
7320 7257
2455 7138
7819 6449
7516 4906
993 5860
6484 5728
8274 4980
5284 4877
3054 3129
2663 2583
7891 4420
2816 4953
6066 6487
2210 8520
9976 6380
1321 9567
654 8836
4472 7999
4695 85
9163 7530
5813 3789
2509 7448
8665 1915
577 1328
849 8376
6628 8739
2795 5795
3691 8860
2281 2252
8632 5052
1823 5637
3887 6294
6379 9150
2938 1324
5990 1602
3238 2918
9281 4086
2824 440
8054 2866
5651 6686
5118 9382
8942 101
4433 7116
5737 8320
9761 5724
9605 2491
4873 2067
1033 4162
3390 7023
5763 2979
9940 1396
3655 6239
8024 8061
9105 26
4746 574
9408 39
674 192
4863 3267
8485 4467
5757 9709
6534 3142
3870 6275
164 5985
9254 6455
7380 6317
8908 8414
1798 4364
8440 6544
4937 4199
2934 1962
4390 6440
9706 9560
3719 1814
9268 6604
4955 3138
2879 1470
5474 8484
4277 2853
4800 4667
6590 59
3081 8388
4422 7872
1283 9358
8422 568
7671 2811
7007 2394
8415 3064
1953 8486
4878 1220
709 4319
4006 6182
2802 8282
5386 3954
2948 8328
3067 4786
6603 4349
495 5024
4916 8166
4187 8275
559 8953
1338 8863
7438 2567
8751 7143
9549 2756
3324 2351
2656 336
3389 3019
9068 6455
7804 5670
7155 4651
7046 8422
2816 1232
6696 3374
184 4386
2236 7622
6952 8669
2852 2054
5811 2400
4809 5487
1102 2197
6900 109
8885 288
3128 7952
9973 6600
1933 7018
5021 4748
4473 8433
8806 3060
2406 5757
8081 1609
7811 3891
5729 1462
7520 2628
1570 2756
9267 1049
707 2360
4684 679
5311 2968
7697 6684
4752 4892
7081 9909
7952 5838
5665 6032
7446 9827
6274 7806
5150 8355
5619 9021
982 3540
1776 6601
8960 5624
5864 623
4943 9912
7306 9010
2209 8409
3902 9289
8317 1853
1479 333
4236 5276
160 6861
5215 5051
7033 2549
8591 8808
9149 9531
3993 4460
1506 9856
5082 6448
9768 2387
1810 8328
795 5711
3968 9111
3915 5446
9444 4502
1362 154
3967 2929
5205 999
6158 4625
6029 150
9084 3886
5 4166
333 6124
2904 8494
9161 4470
910 6685
1091 4876
9613 6295
2793 8383
4884 5148
2706 4889
9313 9390
7364 2217
7884 1815
2267 8439
233 1427
2909 448
6383 8231
1385 3644
1267 2475
5121 7097
5967 4265
1832 2031
3085 6715
7955 2843
1531 5319
1411 5766
3485 29
1456 9817
516 4190
7833 9314
7078 2704
9801 8863
2814 1632
893 5898
4698 4423
4391 2653
3618 2274
8039 7807
1409 8595
7875 2864
4763 4742
3405 9162
2994 1237
8475 6423
3941 1370
4973 93
232 7786
8076 7477
36 2773
8251 4426
1777 8220
6699 2451
9600 1090
257 1008
6036 4483
223 799
5577 3627
9960 4922
4863 4786
1344 5155
6155 2668
5247 2739
454 3322
6567 6841
2447 4817
1266 4223
3037 4317
6674 2636
5406 3282
9995 7793
4117 217
8591 9693
6564 2194
4977 1810
4932 1782
8622 3930
2666 6239
8152 2054
555 1177
1041 2312
4459 1035
7603 5047
4619 7797
9949 5584
9206 9635
4244 5769
1828 5572
3930 3111
3705 5413
9342 3626
8565 3846
5679 5471
4135 5832
4106 591
5637 1728
5857 1937
3663 5062
7924 4259
7182 6103
9830 1112
9214 3535
6524 173
2212 2218
150 7128
6063 2181
5252 3085
3268 9357
3675 4025
7417 5663
3952 5767
8335 1875
25 1869
7977 9855
2980 3542
9741 9503
3715 1952
1720 216
9080 4134
2396 8030
5218 7647
7004 7492
8861 772
3154 965
4045 7105
6732 8732
5331 3108
600 3308
2962 3579
9433 6915
7358 7505
3483 6437
1638 5878
818 3207
8043 3232
2126 3256
4003 5279
572 8048
8736 3655
6779 4066
3725 6076
7308 6926
5130 6740
3840 2487
596 3674
5275 2234
9552 2444
9442 3013
833 6365
7412 5920
20 542
6338 6782
7919 62
2857 1578
6987 4338
3176 8913
852 8450
7498 6755
7245 9290
2534 4322
5476 7896
3524 1269
7633 4672
6628 4004
5214 2965
785 9484
9379 9994
1062 2717
683 5731
9895 3859
995 7099
8660 8493
4134 9091
226 5961
6986 102
3581 598
5270 3789
1569 6835
8698 83
5200 5733
9591 3160
4897 4602
1652 1453
8097 3881
3537 8029
4478 698
5593 6099
838 7161
9285 3943
5866 1955
2778 4563
8389 4330
6647 554
2128 6237
3713 7024
839 1716
4779 8300
9251 8315
6328 80
5364 1920
6179 6202
5433 1815
6496 1298
121 5626
2212 8510
6307 8859
9063 8434
5095 9127
1809 2285
842 6636
9981 1045
2006 1111
9344 7608
7688 7493
294 218
46 5726
7023 8505
8519 9235
7014 4825
9610 9539
1554 1418
8176 2395
8053 4508
3439 6411
1970 9134
1156 8057
5240 7801
3527 6658
4530 6901
2487 8527
4224 6931
954 3833
2822 8859
5250 7349
7605 9655
1856 1043
6065 177
7924 4035
8139 9515
1835 2764
1151 1713
5773 5681
4966 7286
5080 7452
5812 9304
735 3117
3136 9908
1975 4738
7256 9579
4392 5463
5639 3500
7534 5027
5780 5721
4143 6931
7433 9915
7201 394
6202 9364
9697 3288
2481 9185
3195 807
274 6802
2264 3710
3562 8360
4168 7447
9739 9947
3167 233
3229 6952
8937 1902
9415 4985
5189 8247
521 4735
9053 794
1536 2142
8162 151
4405 5765
4345 4924
3211 435
4870 6378
2993 9029
7216 8281
3266 8823
4876 3786
9910 280
932 7797
2422 9093
7948 4625
5078 8704
3627 3599
6328 3226
9298 6008
6742 8643
6923 5023
6938 188
3845 8165
326 3754
4797 7609
1551 7218
3053 5850
4553 8582
255 4531
5730 1212
2391 5028
7219 9133
22 4959
9441 6944
9981 6379
3484 178
3931 5691
7769 1833
9260 7173
1655 4938
2386 8261
1075 5198
8481 3465
6577 2051
8949 6598
3362 8390
9893 3342
1120 3376
4057 7656
1986 9668
1181 6020
3473 2835
7309 5858
1095 3129
9479 8521
4678 4311
2714 7286
4203 6075
5675 447
3823 9287
1512 3710
9440 1920
7718 7777
1587 8898
148 5059
8084 7457
7269 5530
2867 123
6197 1700
3867 1964
4845 4041
7602 2708
4103 7041
4627 1820
1170 6214
7624 5152
8773 4892
4343 1083
7322 1752
1874 3143
9960 4422
1194 3827
4219 339
7379 9724
140 8548
5937 3560
8711 4989
4804 5744
6826 8019
7249 296
4559 9122
9790 4518
9895 7335
4696 2632
2970 4821
3587 6700
4545 79
3638 7816
2804 1549
4444 9853
7046 7621
4268 8782
9768 409
9651 9663
2294 7467
5965 5263
2287 5903
8314 6831
2333 3561
1376 408
1023 532
1956 5466
384 9002
9438 959
9648 3706
9740 9415
5429 1857
2793 4074
5688 7961
1011 4002
1144 9696
5666 1642
5214 3040
8525 3522
8505 5260
8875 4294
6219 8522
7999 2310
321 7196
2304 2182
6659 9667
2535 7802
8960 1379
4441 526
4418 2965
4047 9274
8225 9273
3567 4443
4146 1566
6752 8433
30 1156
853 6702
5400 655
9528 2058
9860 6034
7412 5654
5696 8181
8618 6094
7454 6842
1718 1020
7636 5863
8937 740
4296 5318
1895 1500
8371 6597
8846 3770
3603 4725
5828 275
3138 2039
4 9257
1702 5704
8167 3420
3076 5802
9282 8364
2893 9929
3682 4787
7736 6626
2174 1338
7703 8001
7965 840
6391 624
1542 9951
695 7897
5559 5297
2870 7261
7353 1036
7032 428
3189 2665
8946 8824
7220 6726
7228 4955
3351 9401
3753 609
8245 143
1232 9786
3575 6904
5616 927
7939 8999
7706 1127
1663 2848
7208 608
8024 4428
7333 5251
5734 7036
1003 8378
8088 1107
8986 2684
1249 6570
8822 4045
6048 4773
9759 1663
2051 4049
661 9756
1527 8676
8956 8735
9283 3331
4933 1599
3 5935
9977 4442
3393 5314
7126 4641
8685 3082
7854 4912
9099 6257
8960 6112
2364 486
4787 1319
5572 421
1001 1437
3036 9742
8219 9364
2345 8760
8724 6550
3671 7822
3933 5170
2840 7743
5492 3841
9179 5231
7929 9156
5954 2606
6816 4909
1869 6774
2548 4213
5533 1271
4536 5729
1441 6706
4448 2642
8544 9197
4940 6473
4704 7245
5430 7871
2153 3650
4644 4700
7862 176
2322 1327
1246 2969
9846 2686
3318 4122
9638 7789
4100 3862
8385 2643
5467 4113
6921 896
1983 9073
3153 8798
85 5234
2915 7682
8202 2760
6720 4227
6108 37
8348 2097
7825 8799
5958 6210
7794 5367
5885 3260
9479 9157
4156 1461
8230 5052
4438 4706
3503 246
9175 2770
7927 3728
7954 7988
1034 2654
7804 2393
7759 3656
8857 3589
1401 7394
8451 4576
6131 1953
4821 5305
4722 9100
5384 2955
942 1131
6341 6498
2095 3881
7767 7303
3821 579
6666 5222
7411 2774
2008 3542
1079 6828
5198 2152
2279 6934
5106 8728
9858 1669
3425 2550
4518 9546
6661 2964
266 7247
1358 6931
9549 7673
8036 8180
4606 9494
6907 7580
1893 3116
5600 1669
1214 2325
3103 3346
6629 3409
6493 7343
5990 1299
64 2113
3535 5964
6137 7922
4143 742
7415 7401
516 272
7327 2532
388 8541
1208 9820
9532 663
1474 6146
3881 7966
9840 9870
2218 4470
3424 2713
1563 7190
113 6235
2858 175
5864 9598
9417 950
1422 9207
1431 5302
5172 5492
7524 3505
4327 769
4310 8918
8476 3510
5898 7685
3685 8114
7282 5103
5185 6699
6053 9270
4828 3415
9128 4704
4684 651
196 2208
8301 4833
8309 7106
7074 8970
6023 1901
2480 8273
9585 2516
6386 3219
7618 7922
9917 22
7191 8252
3848 8370
1666 9327
3074 6350
9977 3269
4909 6835
1668 5469
314 5093
790 2688
6993 3269
2136 3697
1618 2415
6127 5160
667 6326
5033 1980
2575 9941
9501 6834
8854 1622
1965 6165
4550 4100
6214 7049
5815 2684
5695 6481
5165 1013
4882 197
9344 7456
7190 2342
7695 5096
8508 2324
7439 3713
3945 5755
9855 2442
6625 4061
9094 2319
542 4455
7894 2058
1819 2775
8606 7514
2024 123
4746 9008
2360 8690
4763 8588
9888 969
1030 4486
3731 7654
8547 2825
6324 5440
9695 6102
3759 7967
9984 8504
930 3433
1760 1959
4270 5491
8315 8639
8255 1945
9207 2103
7393 8901
1528 2105
3441 1801
2243 3424
304 1921
2118 200
6360 3047
9984 8120
7069 8276
5960 1676
6572 1518
3778 316
6771 4686
7021 8298
6357 9870
3089 8474
70 5801
1521 53
3920 2878
6550 7727
9402 5079
5394 3501
181 724
3940 3395
8245 296
9617 7685
5122 9686
3485 6642
5871 396
7636 8772
4474 6143
7863 3973
1732 6012
7683 8264
6736 1622
1658 4980
8269 1274
7311 2501
6383 3401
6256 8605
148 244
6386 1361
2075 4603
3276 9937
2300 8962
5974 9035
583 7632
366 5203
5257 3030
4945 8920
5530 7679
2320 8137
6284 8819
5591 1055
6086 6870
5831 4739
2370 7785
7968 3979
7166 2912
2898 9047
590 1569
3236 6529
6680 7311
7108 3107
9162 3193
9977 7927
7930 2159
9485 2891
1717 3003
2154 966
2049 2743
2534 5584
2320 9272
1147 1907
5800 4178
6422 7798
2076 151
1851 9832
2478 1335
9074 546
1511 9090
321 396
6019 2171
4547 8170
7837 4985
6440 4259
2782 8661
3360 1209
8811 8268
2300 7013
1675 5388
4750 9538
7710 2304
1320 8608
473 7668
9004 1515
8920 1785
6527 8631
9345 1690
6899 1645
8702 7701
2774 7049
1225 800
8789 5974
337 3265
2414 1458
65 5749
4105 8788
410 3109
4893 3180
664 590
4869 7562
1614 5007
6971 2838
5164 2495
9024 2559
5468 7789
368 744
7874 433
2844 1979
5572 3254
5087 2225
5404 5949
6920 273
9862 5505
195 1476
6863 7165
2924 5828
7867 1947
4739 3334
4077 3961
1890 6920
2291 7461
6037 8163
4111 3331
8065 325
8835 8259
8152 5698
4718 4698
996 2584
2996 5734
3043 9081
9616 5333
9061 8930
4303 5471
6722 4765
8801 1138
9396 9592
4760 4402
2220 5755
3337 5215
7840 5605
4297 5030
4110 7916
408 4435
2284 1062
9906 9005
2179 5058
142 3619
9045 5889
9563 8729
3410 4322
76 2818
7196 7915
4774 7844
9296 3074
7342 6909
6760 7749
5163 3953
9010 892
3132 6873
3135 2893
8522 7621
1887 208
940 6974
4707 4051
1075 2402
9445 6237
3577 1715
7438 887
4112 9256
1872 8334
9278 3657
6754 1164
8698 3497
4463 9637
39 7896
7922 9483
4132 627
6029 4060
1299 4814
6738 5410
7066 2292
1236 6343
5949 7990
3859 6164
1007 2556
6012 5469
990 8583
7081 8911
9538 6798
5272 8231
6616 2922
8331 9817
9903 5397
8460 1139
8091 760
9128 1949
3276 134
857 9287
1954 9401
8472 2943
8206 8752
3117 4095
5550 4740
8677 2165
7662 8072
1869 2344
4240 1772
4092 2700
9811 8389
483 3086
4874 7691
6122 7778
6529 8568
8421 8430
6946 3673
6016 2112
586 6460
8642 973
8235 5476
4059 3108
3167 9135
9934 6609
4386 8134
6733 7267
2736 6473
4936 8393
8239 6556
7070 6473
9580 1549
4624 5247
8865 6833
2861 913
9906 8632
3735 1924
6105 5297
8021 4343
1852 5091
7167 235
8135 5536
5314 2644
4243 4963
4019 7691
1021 3924
2675 8010
8434 9909
143 8317
8697 8278
204 4011
7273 1386
3947 1515
2700 1591
4622 847
8916 7563
3972 3761
2130 3724
6709 8685
4086 333
2327 2821
7812 4857
2419 421
3630 6390
4181 8272
8418 2247
7699 6707
6450 8198
6873 6887
8530 3295
2416 9950
4087 2362
439 7716
5104 971
9569 38
6579 5628
3815 5564
6265 7039
8803 4795
1523 5453
6374 1072
4188 9800
6492 6608
9290 7947
3931 1628
7820 3499
1665 4398
5478 780
8818 5645
6343 5082
2683 5145
7922 7751
5174 5359
447 9957
5178 8684
6631 3506
3356 463
5199 5186
1242 4016
830 3937
5450 9864
5433 1677
5583 3354
4001 952
8464 4447
7260 4304
7414 8790
9340 6989
9608 5970
6846 2054
6771 6554
2517 1969
1739 110
2337 2568
4046 7786
2431 9479
2832 1593
1119 3184
2544 9583
7630 6156
238 5044
1297 9577
8384 904
5546 5230
9310 2316
1783 8178
637 3521
8287 9325
6088 8685
4515 9275
6288 4511
5906 7214
6102 4290
6667 7653
1173 2946
2979 3612
1630 2792
2066 4068
9841 9285
773 6722
3584 3490
4881 6037
7779 5701
388 3649
5831 7054
1301 4137
7060 2473
7082 38
9181 7269
1206 7598
1336 7399
6882 2108
5519 1704
9947 9102
1546 1179
1491 9324
6880 1878
2973 2710
5283 625
8731 1885
5342 7911
9153 2900
298 8742
6271 370
8498 7761
6045 5377
9638 5369
5994 7636
3613 5443
5211 2112
8981 8226
2138 7805
5545 8408
4526 4042
6168 570
5771 2157
2291 208
3428 4636
4195 3392
6430 4813
5734 108
773 2338
2939 2335
4195 1654
283 3175
9879 2420
7331 1775
7180 1856
5817 9699
1856 1067
4498 1635
9857 7112
8591 629
9316 3899
1904 3476
2248 4014
3557 9427
2221 5725
3663 7332
8416 8161
8967 469
3205 345
5304 3061
42 3257
7155 8616
2091 2253
7193 4338
116 4838
2826 9241
6572 6953
1000 1890
8586 2725
3617 2394
5650 4743
5718 9157
3358 4935
4567 1801
7187 1759
993 8036
3011 256
9332 2399
341 2301
8760 5991
1499 6753
4905 9301
7823 7394
5456 3033
6351 2800
1069 4548
2329 8296
5669 5163
6522 5031
5418 5304
2978 1101
3641 3511
9575 1156
8703 3749
8549 510
6781 1252
3309 4201
5799 1990
2496 7819
3504 9018
673 5827
22 4727
1849 9775
7539 3861
2922 7532
7371 2821
6934 6945
7045 8876
127 2159
730 2278
500 9577
6448 4003
4946 9297
1475 5650
5424 4235
1766 905
7040 1245
3071 5889
4399 2150
8179 1250
1727 4626
1605 6672
3922 880
5070 8304
3221 8604
9508 6868
37 3708
1063 3428
4952 4134
3683 6419
4874 1861
7669 2952
6486 9273
6504 8265
8507 9385
7251 3577
4040 471
2180 3392
1808 8040
6611 8197
1747 7674
1624 6699
8159 7292
9423 8193
3711 648
53 7731
3600 2890
6001 9858
7839 4508
4436 9634
8263 2967
3025 6423
4619 2753
3660 6242
5803 1818
9886 1577
2224 6414
7678 2175
7241 5940
2515 2835
2468 1995
9917 1844
1478 9387
26 1490
3307 1865
1812 5980
4506 1737
3224 6255
8546 2259
6003 2277
5561 8470
6665 5391
4777 9128
5983 6757
1307 5642
8621 5063
5310 6785
7394 1391
8977 1899
4505 5576
4186 7723
1679 9746
1574 9208
396 676
3701 5172
6155 9684
8280 7461
5325 3253
8875 6986
8376 5365
8167 4207
3917 2671
2073 320
3359 3751
6417 5902
8755 4343
5018 5162
674 7524
1197 5305
4984 2873
126 4585
5144 6930
7315 1277
4531 4595
1152 770
7599 2348
1572 983
2279 9270
6014 8940
3913 1157
2433 4788
3317 381
3416 9157
4745 7946
9878 1440
7080 9201
8470 9153
4650 2382
6661 519
6313 5445
1658 9629
3019 8889
9088 2952
4747 6408
427 4886
2505 6836
8943 857
3238 8251
3696 2120
5531 5872
3545 4316
9145 2916
9556 2219
6222 4995
5171 968
7754 1949
2205 258
8784 5153
9842 1171
2027 9182
473 9622
4616 2587
4536 2570
7188 4629
3441 4172
3793 776
607 4761
3481 602
3541 6107
272 7615
4927 7465
9279 8882
3037 6476
1564 224
1104 3435
4929 9563
4076 9111
9557 3787
3023 9701
4563 9981
7304 4294
6752 7853
1670 4089
6911 4706
8260 2562
7947 4361
9907 2710
3338 6050
5013 919
3246 1764
8771 8056
1497 5411
1530 2778
9782 9789
5339 3715
70 9637
8075 9461
3491 6222
1875 3397
5283 6973
4116 4972
9374 5480
5890 2620
675 3389
92 5653
933 7973
8430 714
780 7831
9756 8855
7292 9598
1428 5518
8842 3462
8941 3924
834 2536
5924 9091
340 9524
7733 4453
9643 8512
5347 5146
4148 8341
8208 2989
8154 6241
6516 8389
2601 4609
6976 7988
7512 733
5259 2779
5929 3767
4186 9174
6101 1162
3513 9101
1181 1024
5111 3785
8386 5554
9083 7680
1478 6181
8368 2485
3000 2458
3181 7529
7887 4643
7665 8981
7842 6050
886 6924
81 5457
1229 1559
7989 8313
6562 8579
1585 1282
2101 7412
5672 8373
4941 5023
8903 5068
8968 1286
232 5401
3094 1460
6959 1083
9772 3590
6081 2686
3967 5934
9697 9736
1110 1621
6689 929
2930 7089
8374 4468
8902 2051
549 1334
5351 8702
1354 9416
1120 7403
8391 6613
3532 204
3660 1720
4155 2033
9852 4818
6868 1663
7083 1789
6656 8437
7556 7775
5839 3059
4903 9799
9988 5409
8183 8878
9564 8035
47 678
9491 6914
4868 5775
4070 7875
2002 2753
3959 4118
2385 7309
6248 8724
2718 4430
587 2133
3777 4656
2633 8361
3158 5983
438 9405
186 8659
8140 9002
1804 4246
4760 1932
5254 1119
2623 4238
4256 8581
5547 1331
1641 2793
4460 1150
4843 8895
2445 3853
128 4499
6701 4887
2514 2589
2263 7640
7471 4593
3488 5055
2517 6183
1158 8996
682 7859
8868 8707
779 3043
1364 5277
2916 2762
458 4271
3267 4057
2178 3501
6092 2740
3399 3222
2134 5255
1592 4836
3278 7605
6177 6984
9360 7931
4177 6170
2202 3904
4313 6314
4632 9408
656 7602
8118 7751
6619 7747
1708 9148
3430 1610
5513 7724
7450 6177
4037 2769
4361 1395
7395 8161
5763 2557
3372 9372
7096 6561
1413 7484
9329 5773
3759 1028
5541 8287
7886 3854
8983 2215
7625 4355
9810 996
6231 7174
5480 7643
1009 1161
1020 3526
3618 6041
4678 9158
8300 5192
1903 2295
4811 2911
3455 4578
5501 4474
4455 9119
6866 5484
4628 7544
2068 1440
6136 7143
9431 9399
1088 4813
468 6819
9113 6849
7778 781
6251 257
7800 6135
2317 9569
6711 1351
4203 4150
6240 8871
2061 6707
5689 4099
7309 4090
70 7728
4967 4221
3862 3636
779 8994
2164 8245
2343 9375
6434 5426
8887 2027
4714 8956
3176 9967
3816 6526
6171 5987
8408 4686
8889 6573
7842 4907
2959 2555
9030 4605
353 4776
7653 5217
1203 95
4860 5433
5153 100
2005 5937
3549 8186
1172 8487
9443 8279
1329 4856
8799 8981
9156 7626
6819 1415
5985 7527
580 1488
7672 2702
2942 9000
7557 1740
4333 3981
1606 1861
5843 7820
2605 4364
9137 9460
3672 6044
4123 1343
5097 7065
2985 3733
3570 943
5593 127
3503 739
7115 1284
7013 6251
744 7036
8282 1424
2746 3438
5154 5731
3522 8723
6673 5466
7706 5056
2072 8262
2150 279
1091 4479
8346 4455
729 5441
4223 23
6419 9424
4479 3427
8738 6628
3705 9750
3311 5557
834 3657
6825 8266
9220 7028
2803 1552
2466 3634
6613 1387
3656 6655
1394 8135
5545 7925
1115 1240
6565 4053
7432 4387
5006 4152
8388 4879
8377 284
5566 270
8569 2442
6495 7313
3621 3926
8051 4098
7040 4379
311 3888
1211 1668
5558 2778
9575 3935
228 7208
3120 3863
4593 5924
7592 8437
6851 9501
1956 4152
1718 8040
9601 7120
1113 6824
2098 5614
9986 2522
3430 4876
8977 4389
1020 7426
2 9345
8614 7826
1000 37
1103 1389
9904 7993
7401 5232
8733 8420
7212 9081
2871 3780
3795 461
9760 5344
3094 7883
877 7238
1382 3255
7817 9542
9446 1867
6804 9592
2328 6563
4936 4112
3730 4220
5586 8310
7805 3280
828 8229
5661 8
1072 4340
6570 2359
7367 6060
8873 3379
3011 3647
8643 9027
1458 677
4669 5932
8290 3974
4936 7732
7121 1762
4552 4487
4173 2384
2115 9849
9848 978
3821 8490
6291 4026
9957 2236
2561 6188
2330 9681
7949 3233
4167 2121
1968 3900
100 7589
8436 4923
451 3
4331 7163
3665 4288
4752 3918
4342 9052
5903 8858
6469 902
433 921
8867 6182
5837 4103
843 6941
4373 1536
2747 3516
3343 7857
7058 1870
7081 600
6819 1461
289 7251
8733 9155
1855 7611
3720 1550
5467 2626
8790 1711
629 1960
9523 917
9211 8255
14 7188
6289 9619
5149 4449
6041 4032
2095 7449
1757 8358
6040 7878
3128 374
2025 5521
4405 8845
6702 6499
2646 6195
8116 7363
4898 4339
8503 8947
6089 2027
5318 1226
3586 5995
4674 5397
5034 4154
5770 3410
8606 2727
3025 1251
5274 7492
4965 6523
8182 9819
1845 7139
1847 7408
2367 1802
4148 2628
7216 5173
4376 8601
5678 6497
2010 1703
3023 615
782 2399
8218 6055
2577 4423
5705 4398
1309 6606
715 5743
2239 5790
4447 1613
2757 5228
7634 252
6859 6562
1026 2563
1804 705
6247 1525
5894 3313
9112 502
3822 8220
9193 9714
4436 2403
4966 3586
7882 1429
5552 6939
5766 1385
20 8867
6647 2561
9499 2045
6101 5401
7753 2022
3104 3009
1433 5706
290 1452
924 4067
6628 7148
2331 4434
8223 8432
6805 504
5844 211
9571 9476
6136 2566
2985 3464
6963 4397
8441 2507
4775 7124
3292 9349
1907 9478
8027 8711
5520 1196
6705 1409
8467 578
6541 7594
196 1333
6452 4970
8456 9744
670 362
5425 1905
8917 7049
8244 8875
1184 3517
4925 8792
9369 5688
3281 9386
8762 7752
2775 538
7358 3662
5699 4908
7902 6975
51 2958
6718 9419
8645 2260
8031 1925
4361 8703
5674 3946
3598 9612
2429 6076
1794 6138
1045 3990
9795 4895
2846 2892
5707 1133
6017 8135
9989 6118
9114 6935
3653 5978
8877 9800
9336 8441
5119 3715
119 5908
395 49
296 4666
9696 1948
8066 1799
2970 8070
7869 1352
1303 7131
5758 2773
7197 5959
1778 7316
9802 2260
3278 4362
8397 2315
884 8241
9593 1559
871 8281
61 2733
9363 458
5547 3475
1533 7660
6000 4799
1399 4875
5719 2269
3155 9412
8530 2069
8904 2266
6308 6323
9729 2733
4858 5940
5731 2809
8305 5237
6911 35
764 6443
8314 1528
3986 9930
9649 3639
3920 6854
1508 875
6998 4112
6508 9232
2402 963
7102 102
5201 3830
7468 5896
7565 7739
9101 370
1023 6960
3537 8242
3682 924
5221 189
2724 797
1998 2253
1128 9562
9991 229
3540 1175
9949 7077
3694 7151
7340 3203
133 7629
6781 8277
2540 474
5427 5588
3960 7318
8570 1793
2665 9315
6943 6857
2787 7132
4588 3786
4023 3092
4522 5801
8680 6612
1139 4102
1338 9708
5894 5325
2572 5220
3905 3488
5020 8411
9992 7538
7245 5657
3006 8357
5781 1007
592 2766
3002 5303
8542 6889
8668 6668
4896 5067
2604 9389
8920 6200
1397 1925
3428 6688
9092 2533
9774 2085
8089 9818
6565 1202
4604 1120
6273 8031
4159 5055
8401 3612
3753 8009
7522 9196
6893 3647
5068 6202
8210 3156
9985 7026
9755 6549
4579 710
4020 7204
8740 8179
2258 3492
8142 6274
8128 1894
4282 5649
7441 1175
9295 5072
9392 4362
3869 9997
7221 1089
3424 3558
106 9044
6247 5330
5042 5411
5300 2482
2937 946
7553 2329
2967 4949
3411 3784
2827 1068
2749 2649
6633 1569
5797 4114
7276 7614
7931 686
554 576
6180 4547
2884 8975
3876 3937
7014 237
4818 9516
4853 970
5390 9646
9046 4956
4968 8099
9831 1885
8907 3044
8062 6071
5534 2879
5586 3303
4002 720
9936 9884
8377 1255
4334 8207
3139 1464
5606 5783
9266 19
9249 3791
8102 3195
8387 4255
8743 727
2169 5227
4348 6502
4317 6661
61 9923
8796 9327
790 8578
5088 1370
3655 8989
9119 6402
6772 9618
4844 3843
3436 3896
1946 2480
8529 9991
641 5300
4239 7156
2104 875
2127 873
4914 4299
7362 9794
642 8002
1445 6601
3636 7986
2508 8914
4108 1052
7197 3
5823 8642
2956 312
7658 3368
7357 4489
9665 9573
526 9652
7558 3033
4019 4703
5754 7267
3622 1769
7943 2929
2080 8619
63 10000
3281 4416
8904 4043
2015 8458
1375 9958
1386 9806
9719 1342
2693 1013
4452 5741
6829 8146
8057 5196
9237 6432
7773 4499
6002 1735
5998 453
3827 7139
5282 6348
6592 4588
6901 387
9664 6099
4185 4871
8361 7037
7719 5130
6496 9407
4410 2300
4507 3050
481 522
5500 3003
8395 5544
8674 8589
3719 9437
1603 4298
9633 2014
8715 30
5128 6605
7191 3661
7294 5016
7029 1550
4518 4355
7289 2123
807 832
2135 55
5976 6444
3752 9555
5572 7397
4571 8407
92 9335
7892 9029
6212 9428
5104 8540
8094 7794
615 8861
6990 8555
4241 3838
9008 2611
5009 6301
2096 6926
6555 187
3508 165
8592 8964
4461 1198
313 7503
4264 1280
7583 818
1466 1090
982 8195
1127 3025
8265 9718
1988 1769
6343 416
588 112
1077 8331
6651 7742
427 2992
161 6637
5451 7495
3585 5115
6014 9384
7388 1707
5773 4258
8037 7337
2590 6279
7798 660
8196 9830
5377 7514
426 7501
5706 4941
8629 7570
3744 7944
9050 730
559 9580
9787 1568
4320 2057
3349 8912
118 1977
3195 9385
2101 7080
2702 7906
1898 7282
3030 1684
78 3441
9621 196
8583 1315
8189 3689
7030 4402
396 60
3761 2528
9954 3838
8379 8967
2641 8627
7892 8706
9096 4024
2536 861
9741 6229
134 5708
8759 9410
88 3361
748 6363
2592 6142
324 8838
4599 4424
4737 2944
4178 431
2727 2928
7351 6835
8364 1487
1631 9459
9404 1564
8561 4140
1696 4655
1176 9602
7872 7232
419 4610
3061 3321
373 4691
2779 9776
3916 3466
4049 773
929 2954
7492 6545
2836 8854
3637 9606
7740 2057
9963 6698
6515 3797
5892 2780
8048 1205
7576 655
9953 9295
4389 1099
4895 701
3480 3105
8872 4497
3887 7209
6679 6136
1071 6909
2473 2897
1406 7
1114 8987
8365 1236
7933 6065
3274 687
6822 2446
3020 5265
1850 9275
5612 1758
6658 3976
9345 942
2760 6017
2321 2143
4964 5002
8705 7693
1400 4151
1444 5326
5016 4252
1846 6277
6610 4703
8425 7019
6758 1421
640 6886
1996 5838
564 7011
89 5349
9489 8286
9341 9981
5033 7765
4422 3496
9166 2794
6203 9456
5208 1734
1233 4696
19 9210
6671 2661
4577 3324
8910 1807
5604 4953
6028 4770
4099 2230
3034 7621
4802 179
6980 3991
2882 1730
7144 395
8554 3415
7227 3589
8278 9455
7827 4755
916 1536
4212 2922
3712 9502
3916 1588
2616 4831
3124 1950
9791 3486
6788 9304
7711 499
5157 787
7836 7293
5595 8932
9777 6393
1977 6640
1326 8381
4629 424
4069 7348
3772 2034
878 4220
3264 5735
1186 6763
983 7606
5180 9487
8059 3400
7373 6373
6944 8261
9364 1363
8125 4109
2716 1663
9268 3396
6209 7700
6992 7398
494 2356
2963 9474
2257 924
3405 8535
3736 443
8822 5745
4430 2282
9293 7934
3495 2580
7817 2563
6324 2275
2608 4944
4913 2324
7440 363
2637 6611
4604 8253
4702 4615
8135 669
2944 7472
7874 9178
2331 8406
8302 3386
5471 3738
9413 4187
6660 4226
309 5428
5323 3041
6983 8547
6728 3143
2824 5029
9121 8282
4609 8675
8458 4723
2369 4640
8059 3936
106 6935
8797 5987
7095 9148
6225 6531
7566 603
7290 6826
4754 9624
5660 3687
2455 3127
2203 1658
3236 7664
3610 801
8266 7859
4685 4539
8492 3333
8690 2705
9883 8277
368 3493
5430 8634
7703 4834
9373 5191
9747 8016
3052 3117
5915 2627
65 8112
816 237
6168 7783
3645 3060
4602 508
8722 2308
7176 4261
2488 630
2866 9962
198 2197
7360 87
3146 3637
496 1799
6407 3769
8764 8224
6734 8371
8332 7099
3583 2758
1590 6341
307 6018
6354 2318
2533 7943
8658 5410
491 5317
6969 9662
4196 4661
838 4558
5132 9342
3954 5540
4969 5007
5290 2470
5910 5680
8375 8939
2383 6560
7975 9643
9387 9893
5386 2681
276 1295
466 9439
7423 2800
2150 9805
3431 3686
7320 9936
9865 451
343 2188
9982 856
4009 4694
6058 3029
2149 3078
6191 3675
1618 5460
5076 3868
7055 6727
548 9081
5612 2646
5476 9350
8780 1918
988 1303
5160 8248
847 5529
6542 2715
2995 6576
7419 8870
7865 2719
5702 7211
5646 2745
3338 3527
2352 6798
436 9581
6667 6874
4233 4754
6463 2097
3824 8516
9307 5821
5699 7276
9751 4447
7864 9436
1298 8082
1831 9689
1846 1961
6791 788
8710 2489
3287 8630
4248 2653
441 4353
1603 6246
4100 5102
2424 432
8055 1985
614 4696
6697 7406
9437 2639
1256 6678
946 3679
3508 7299
3017 308
7388 6756
9753 4893
8740 7383
1452 2107
6331 7714
1094 1112
2888 9833
5706 4377
9688 3194
3423 4981
1046 4167
3998 1899
6632 6857
7854 1653
512 7317
4564 1276
8600 4941
7398 3147
4208 3168
7105 4815
9863 1310
9528 3773
7570 149
6668 5136
2730 9244
357 2173
6416 2697
7824 8682
2314 1201
9368 7438
3211 6764
1941 8374
8468 7338
2619 3064
1608 2997
7723 524
7237 6693
9127 5001
6052 6107
5016 6608
3181 2024
3448 794
588 2233
7125 4537
2166 5684
5678 7233
8026 8648
7232 1154
5863 6194
450 6180
106 2768
9965 9236
344 3396
9355 9149
5621 901
4565 9720
472 6862
7943 7631
6762 2201
1093 840
4681 2622
4596 3098
192 2213
4623 6954
8725 5327
6968 8418
6001 537
7821 6948
3790 1100
1841 8023
3349 6658
5261 5094
4207 8337
5782 2293
2830 7768
7423 9800
517 4713
8681 4271
8263 8381
7281 37
1483 9036
7372 9207
1438 2421
3774 3056
1704 7392
6165 6568
319 2781
9059 5133
2006 9598
2111 8929
3451 2013
3722 5459
4591 3758
5525 2948
1876 1228
3698 5989
3950 418
615 3161
8775 1171
7303 2046
6224 8354
8464 4314
114 8171
9398 1998
287 6005
3748 3381
1381 8875
4551 6100
1273 9441
6607 7478
8023 3072
870 5156
8538 2006
1555 3904
5715 4513
2763 8997
8387 1328
5094 6485
4083 3850
2875 7922
4363 1114
6971 7672
5393 3169
1442 4188
9361 3396
5966 2227
7687 8249
103 7606
6597 5620
9713 1721
3947 1299
8394 7538
4918 1506
3254 7359
9601 2832
6783 1863
3334 5697
4705 7072
4496 1184
995 7490
5634 2411
9869 9381
3087 9594
9782 2741
9381 4910
5059 4659
9545 3231
3246 1547
3467 9015
1077 3740
6114 1410
5229 3842
8476 6312
5494 652
4837 3032
9814 9487
3338 906
4749 6676
7442 7408
5933 139
737 3015
8853 8687
8969 5257
357 5725
5140 1962
1880 4661
168 9855
8472 4443
1999 2744
7031 4052
8691 8522
3182 7836
9510 798
8798 8006
4142 7269
8800 426
9379 5000
6793 6041
9680 8859
3673 6832
8076 1619
755 9686
2044 8028
9682 7301
6028 3210
9476 5177
7202 4654
3348 2628
1582 3125
4697 6747
9297 614
9817 6498
3575 6084
7677 7287
385 2429
2307 7651
4574 8014
9121 8347
1896 5177
4494 8547
7044 7573
7705 9088
2382 8132
540 4717
1404 5834
317 1592
5615 9611
8318 8714
2239 1837
5557 5612
3314 6079
3721 7281
1999 9841
7071 9998
5702 9309
6530 2656
3403 8221
2761 5278
4569 5810
2801 5053
152 7805
812 5019
429 9067
9764 1285
1841 3402
2896 6264
8030 4923
5639 232
8111 6732
2518 6523
6397 2052
7144 5507
3021 5292
9302 481
9039 7841
9664 3191
2514 7301
4414 6253
4266 337
8764 3328
1168 2134
5324 9996
4178 4005
3964 3043
3489 8423
9724 9943
7956 8064
605 5351
7552 4093
4894 5140
2490 9512
7945 4123
9823 7964
2981 9377
4576 1672
9120 966
3569 8452
3605 783
2462 4762
2354 1913
8978 7358
3698 7356
871 4286
3652 8874
7574 3047
3330 1325
9642 3461
2172 4266
1143 3617
6467 5168
3546 5047
8394 343
4062 607
4439 4759
6909 3810
3263 940
4727 7510
6467 2025
5128 3698
1208 2208
5316 7585
6594 2615
7993 4247
1779 9639
2183 8833
8954 9866
445 5732
6650 1119
1082 1243
8920 1643
7645 4493
4528 6676
513 2805
3445 8007
8902 1025
9855 203
1060 6968
5549 4587
6862 9435
6388 7375
1733 5620
7488 634
7015 5996
6867 9640
3356 804
6885 9981
5048 6410
7338 5380
4018 6667
3200 5908
8991 7006
3774 7482
356 442
9636 9484
6344 767
755 1686
3078 7852
4525 4693
5378 1472
6910 2495
6388 7205
3210 2258
2604 8575
9888 6154
6805 3149
5839 5346
6688 4751
8080 9427
1764 4152
2721 368
1118 4299
2612 9906
9365 8738
8008 9951
4873 73
6994 6909
6795 7616
6353 2985
404 2767
2064 5585
1138 3199
4855 4844
5071 4729
3413 3009
1947 7207
2765 4971
4439 3498
3069 2225
6870 2934
3851 5835
7367 8236
2313 6537
6269 2305
793 1327
3883 315
144 8803
1224 2788
6421 8292
334 7987
929 3552
9332 1736
6839 8115
183 4492
3970 1345
6297 2403
185 1612
7202 3328
5076 9726
9029 8377
21 396
5498 1004
2869 8643
4040 553
2022 9420
5281 2678
8699 555
8596 8068
4360 6218
7298 6753
6338 6594
9956 9340
5804 9420
5016 8013
907 7889
6681 9611
1915 704
3540 9916
1912 3671
2871 6690
3654 2859
9972 8721
6629 6970
7855 3573
7795 595
3231 1935
1629 2581
5902 1373
6853 6049
738 5474
3720 7829
8837 4417
1519 5239
7728 9039
7833 4639
6624 2230
4270 5727
1082 6299
9634 4421
8113 4429
5709 1796
8614 8924
3245 2887
2699 3880
818 3602
9374 6015
5256 9007
9899 5917
5636 2573
5532 7150
8122 5287
7568 6401
4535 2386
5850 1405
7226 6518
4231 934
4669 7225
1840 4401
2550 7187
4584 5553
4731 167
3678 2656
2493 5341
5702 8167
6814 668
9945 4708
4153 2437
3044 2426
8887 8294
1858 4335
1685 1802
9042 5837
6216 6539
8382 6412
9971 9014
6809 9422
8523 7533
8662 5906
9520 1394
9226 7934
5315 3241
5781 9554
5042 1332
2919 3886
9411 1733
2034 1884
4670 9270
9094 5859
452 7402
7748 8631
9017 396
9022 9996
4216 6665
5886 8316
1647 2979
6335 5690
3799 2201
9956 1803
9850 7407
7117 8801
3712 457
1992 4667
8426 1066
322 2126
2792 3306
2921 4170
891 2740
4964 1565
4197 9966
3148 9317
8111 1437
6335 2801
4729 1350
3210 9082
8398 1078
7711 9540
3138 2145
6220 3999
6616 1070
6964 7323
1763 524
3233 7265
2012 7983
2471 6456
1521 1308
3380 6619
786 9228
8625 6547
2691 2204
3812 9322
4382 9465
6287 746
1495 8110
9729 3724
9683 7818
5328 8238
4421 2791
4798 4578
3271 1717
2023 829
16 3702
9067 2085
711 6024
6901 7153
2627 7912
6571 2249
5806 8772
9105 1773
4441 7888
3534 8026
6515 5312
4189 23
7799 3579
707 3366
6109 3873
8103 8975
9338 9194
6880 3280
4267 8071
894 5122
7583 645
662 2107
3016 1247
400 3022
9568 6199
9797 7213
7133 5896
7944 3788
104 2390
8480 3944
8761 5532
1699 3044
4107 1038
1486 4355
9072 4885
9918 2044
4954 7705
2863 4019
493 9885
1597 6166
1201 9118
9359 2254
5677 5315
6211 7495
5407 2021
7229 7248
3506 3220
571 2504
8931 5317
5320 2389
3562 5131
8311 3327
1132 3757
6260 3042
3909 3291
377 8597
6165 3598
7295 627
5575 3902
3566 5318
3339 4893
1761 5081
5183 3012
2651 5633
2869 535
8054 7543
3680 245
5991 9712
4010 3956
449 9065
3452 1285
2732 7977
9824 6741
4803 3028
8794 5792
5609 1681
1117 2065
1919 7256
4388 6915
638 4163
5482 140
5578 1323
5552 6215
4979 5009
9561 2571
2375 3894
2168 8693
8292 358
5350 8046
5658 2464
4764 2146
3713 8814
6128 1378
4263 6250
465 6451
8977 899
9217 7140
3272 3891
8225 3808
4495 4786
943 1987
9126 2738
8547 5496
3623 412
5854 2110
749 276
2440 4483
4834 7274
8900 7931
6017 8874
259 6847
3949 5363
747 8306
3248 4886
7171 9167
6566 4589
3615 7951
3328 9677
1146 8644
9285 4084
5298 524
171 8720
1004 6745
1053 3985
2848 5844
5292 900
6966 7272
2270 1465
3538 3063
5258 5519
9710 550
6185 2995
2483 5986
7997 2600
4767 9763
1825 7195
4601 2155
9922 8949
3187 3119
277 161
6741 1960
5090 9069
2347 9628
9796 3669
796 9203
1266 4919
1602 4504
5673 6400
3929 855
8771 2510
9517 8307
6479 362
4341 4175
891 7143
1922 4950
6074 166
7709 8984
395 9236
5928 948
167 5387
4734 5579
1462 9959
9003 2106
8663 9891
4160 3332
2381 4860
1113 9570
7082 9223
7812 3468
6324 9732
8164 8322
8644 3607
5152 9482
683 8205
3297 1097
9979 4115
4694 4182
2237 9564
6788 5904
1781 5262
5020 5913
7222 746
6569 6599
9944 3753
9757 7607
57 6510
2144 2370
4426 4129
8837 3327
5633 7961
9920 726
3896 7788
8103 5820
7669 3293
5923 761
4667 2060
9451 1990
2804 2991
643 848
5584 185
8179 4407
2340 4287
3520 210
4935 2071
55 5373
2086 7472
953 1598
5988 1920
193 5257
9233 1573
7017 3196
4447 1667
4976 5923
5159 8886
3658 2276
997 815
4680 8832
7717 8861
4832 2276
1955 8469
7057 592
2276 4223
8166 9085
5838 9771
9370 4422
3433 9367
1097 7984
2591 4462
4570 8792
8431 4330
3980 7373
8791 566
8364 5506
9269 684
9854 9473
4600 8126
3624 7324
2593 2785
5956 6691
4866 9520
4304 3979
1079 8369
5987 3026
4621 6446
3928 9764
7553 1499
1357 9614
324 578
6895 8499
3563 1738
1539 2842
8101 3437
4038 6590
6261 7496
8594 8664
3833 1519
5126 9013
6749 9905
4326 6608
6184 6546
9402 5571
5511 714
2705 9533
925 8008
4562 5139
8043 3690
2776 9547
3256 8396
9561 3038
6712 1966
2684 3202
3055 191
9831 282
1338 6396
7258 3520
3813 2270
6351 5914
1906 2467
9400 3756
4398 75
4921 6367
1899 931
25 4328
9269 2913
653 6590
9487 9766
4975 237
1694 9101
8179 5882
9666 6578
498 6759
173 5977
7460 6192
6240 4603
2178 9889
554 4657
8093 4601
2807 361
6391 5848
928 7493
9229 7257
9456 1031
5358 1944
4890 9586
1051 6241
677 4699
4269 870
6219 7628
5219 4662
225 5542
6761 7976
7767 491
7573 2707
8845 297
3051 8779
9762 852
1407 8025
7417 8217
1974 8872
5727 6641
401 1740
4684 7149
1670 3177
5352 9204
3096 6053
1355 1776
2037 5875
7181 2958
2971 8575
9808 3637
7278 6629
3751 2184
7251 9071
9110 9275
3826 5036
8869 3298
6791 2995
7637 3394
1879 8918
7387 5718
5368 4291
7305 4512
2981 2581
8519 3889
6074 2093
4799 5288
5960 1963
8289 532
3747 5309
9783 7974
4234 7313
5760 2495
5618 1743
303 5744
111 5805
451 7564
3126 8107
6112 3073
3674 7972
935 394
9631 8337
1554 6872
9248 6392
2740 1830
8892 6585
9745 7572
2773 3693
5499 1390
1413 1891
6280 5630
2914 6418
6130 1205
1730 9486
1628 4664
5381 808
8673 768
9921 2063
9109 7058
1145 841
545 5799
3996 4135
6433 2975
3017 5793
7127 1788
9890 4366
8230 5334
2885 4631
1908 2723
6374 8624
2876 9731
9216 5570
5070 2355
9778 9023
3806 5389
6419 1174
9949 9919
7482 7206
8670 3279
1817 7478
154 8429
6913 1700
6869 8876
5295 5692
3551 4926
6417 6207
5063 7907
2648 1811
5548 2166
2268 3879
7942 9498
668 6064
9727 6307
8765 2104
7766 7358
6233 2960
1583 8617
7072 2975
8479 4831
1039 325
2839 2728
9928 5659
5630 2362
9713 1683
6794 1502
1777 5881
8205 9058
7586 4991
6420 4986
3778 7880
2988 5206
8085 8958
9286 3537
9470 1316
5836 7469
305 7068
1263 7173
8131 7434
6456 7094
7957 3786
7473 6425
478 8820
2000 512
4022 7842
8098 6054
1080 187
4843 1787
2755 4353
4951 881
5095 9234
6556 8839
5585 3119
1351 9627
1701 3923
3938 6573
8671 6818
3804 4163
2669 393
7628 4503
380 5616
1381 2890
4857 4757
4375 7122
5988 1360
146 1073
1555 399
9651 3095
9250 2999
8611 4977
1584 5246
979 2565
5580 7436
2357 5138
9730 5709
2110 9881
7638 2684
4727 7022
807 3901
5676 6824
9716 1644
969 4783
1424 1128
3950 6285
7542 3977
4937 122
1953 6876
7051 7156
7235 9532
3331 6243
7092 9353
7234 6503
5250 7366
677 9804
5997 3929
9807 529
5308 6239
4046 6581
417 4513
1397 2689
4042 1019
7114 3478
1752 7297
7774 3754
3350 6376
939 2036
9752 4976
3210 8976
9742 9447
4606 3152
8713 9079
366 7655
3378 8560
9719 3471
9760 7431
2725 9240
3358 162
4568 8617
2410 3491
7966 7137
903 9371
5046 6684
8626 6238
5566 5794
8085 1850
8962 5050
8033 3970
8105 7135
4539 3754
9093 8686
6156 1838
6175 2529
5264 2401
2681 1108
1824 97
8436 6574
4036 2582
9711 2482
4462 9242
7131 3018
2864 1770
5948 1750
6122 9511
8002 5899
4021 2135
2114 9938
3298 5738
4926 3704
9815 3261
6279 540
6334 8085
4595 1868
6295 9020
6852 871
9660 4758
2424 7135
484 4206
3591 7960
4107 728
5907 3130
2385 5816
8786 6888
2235 706
7316 8388
1376 9189
6215 8607
1394 8657
4617 7972
2627 4283
709 3860
2836 6731
5038 8920
2675 8446
7784 6443
617 443
8099 8749
4555 4245
3513 5408
1443 7780
5341 5243
5495 5352
1744 4158
3716 1995
8449 2771
2885 639
9847 61
3727 2371
2222 9691
6586 5682
3181 606
5833 546
2588 9062
2576 8963
5668 3591
1701 6162
5249 837
881 2650
7659 475
7284 589
1482 8899
2828 1946
8449 924
7741 1219
7380 6729
3252 5163
94 4676
9889 3507
7667 7330
9647 553
6088 3614
3525 492
8291 4774
636 6055
2038 6470
4 9321
9211 5296
8086 613
2784 5468
835 2915
144 8781
6376 4885
7027 5846
314 169
5822 6194
4407 7198
3209 2880
7029 9639
6775 7813
1495 4999
497 4368
579 2923
3441 8338
4926 5983
2546 8860
4594 1398
204 5895
5074 8074
4904 8160
338 5599
7192 2729
4890 593
8151 4566
8 5114
5624 6253
7366 5092
586 3978
3642 9452
2735 2062
9255 3796
2987 9189
8050 346
4586 3857
3805 9592
5065 1211
9688 4414
5567 4153
4609 7302
3262 6340
6858 1648
1809 6716
5277 4171
6608 2418
2509 1780
6119 5609
5879 8227
2405 5762
5123 1811
8968 8477
1449 6815
6604 7994
437 6206
5762 8409
5609 1739
6859 2346
4238 4947
751 7100
1008 6257
5458 7845
8572 7483
9871 4200
4696 9129
8404 3291
732 9348
9845 3137
3445 6969
3700 6427
1651 556
4612 1524
5883 4629
7889 5622
2273 7054
6212 4024
1449 1217
2353 4292
9743 5646
9393 3577
4213 3798
9434 7824
7561 1766
4931 8099
335 2402
6332 4798
2404 6032
8652 7765
2931 6466
130 6010
5157 1275
2456 9243
6453 7438
2618 9138
3048 4582
4787 7601
1391 5151
9980 8927
7621 6808
180 7847
2397 6629
6310 7354
4064 5769
7098 1411
3849 8992
2151 6621
4028 4300
7540 9839
3057 661
4190 9876
8145 1746
9231 5091
7445 1162
9328 4359
8399 8237
3285 3344
1536 3228
8534 1051
1135 1768
3832 714
7595 7521
4883 2338
3133 5336
1268 1002
6189 3226
5633 4998
5672 4822
363 9898
31 650
5044 4841
4942 4159
4796 869
6619 6979
9765 3483
4826 2739
1594 4728
7254 1805
4041 9894
4519 3707
4911 4632
9537 6805
9570 8324
5784 3058
9970 1611
8390 8562
2534 1189
4243 565
3036 4517
6535 9050
3989 1617
4839 7637
2208 2701
4538 1669
2026 1232
6991 2444
3275 5443
7430 1516
4403 2724
8610 8412
5881 7463
5816 7914
6787 3882
8345 250
9383 3578
5306 9298
4241 6097
2689 1826
4583 8980
5892 9599
7692 6845
5538 9956
7898 7866
9288 5483
4668 9183
8935 9011
4847 4726
6140 8114
3343 5447
448 5236
6244 3680
4288 9563
4088 130
8580 957
4099 1693
5722 9199
7033 539
3429 2361
2118 5818
381 7459
7288 2013
6710 1842
2226 9164
5647 8073
6545 3027
3856 8390
201 7177
2269 2235
8235 5671
3459 7752
3706 9019
2408 8952
975 1655
4812 872
2282 8810
392 3877
7854 6645
131 4884
8973 8865
823 3151
5740 6949
7464 4794
2506 9225
2118 1207
4044 8660
9101 6167
4384 7138
7063 3259
5277 8828
9559 3317
5712 5613
4886 4988
3554 7038
7923 2330
8078 7962
4854 7182
2729 3204
6313 1042
8322 3443
8560 7790
5899 7721
4939 2059
6951 4523
6169 5599
1170 2685
2907 4250
8612 9844
1058 110
1765 413
6304 2009
7647 8155
967 4544
495 328
9472 6559
5266 2149
9551 9997
1774 5946
7119 8869
1749 4852
7831 5101
4915 9048
1257 3820
4640 2552
3550 5269
7337 980
7970 1501
7416 4421
6601 2659
1697 835
7021 2240
2191 468
898 9178
1783 1616
8695 7899
7795 2545
906 3188
5861 964
1181 2452
4072 2511
5798 883
4939 4722
1271 9406
552 4759
5573 6962
2932 4645
6721 9710
2182 1930
7638 8144
1981 573
1548 5831
2112 6226
8415 9136
230 2312
1786 7156
1811 9527
6458 9503
6615 1273
257 124
8979 2624
501 1742
8274 4228
3055 8573
5425 2841
6972 8912
6843 8380
4962 4920
5574 5140
9603 6392
8805 8556
6663 1767
2422 263
7575 5786
9526 3233
6255 2283
1725 3375
2119 6766
5930 5643
9012 8933
7022 3898
8666 6695
3213 9134
2976 9773
1603 8258
5182 2341
5979 6872
1408 4856
2272 4194
4965 6006
635 310
4329 4894
9378 1670
2886 4575
1562 3522
9813 7744
3284 4488
8744 38
1074 5373
5085 6057
9586 1545
1790 3297
9215 4142
444 1315
2366 3484
2492 6552
7073 1148
2978 3352
4998 7312
9380 3971
9509 3145
6375 4163
1913 4454
1013 6405
4514 2872
5849 4458
1450 4784
7624 7546
3440 2432
5124 8517
6321 1418
2170 2048
2625 6687
3244 3926
8769 9292
3927 9274
24 611
8813 52
7936 6815
6910 6429
1662 7427
4406 8949
2003 2704
333 6300
